#  E (eV)   dos(E)     Int dos(E) EFermi =    5.264 eV
 -14.227  0.2487E-83  0.1243E-84
 -14.177  0.2487E-83  0.2487E-84
 -14.127  0.2487E-83  0.3730E-84
 -14.077  0.2487E-83  0.4973E-84
 -14.027  0.2487E-83  0.6217E-84
 -13.977  0.2487E-83  0.7460E-84
 -13.927  0.2487E-83  0.8704E-84
 -13.877  0.2487E-83  0.9947E-84
 -13.827  0.2487E-83  0.1119E-83
 -13.777  0.2487E-83  0.1243E-83
 -13.727  0.2487E-83  0.1368E-83
 -13.677  0.2487E-83  0.1492E-83
 -13.627  0.2487E-83  0.1616E-83
 -13.577  0.2487E-83  0.1741E-83
 -13.527  0.2487E-83  0.1865E-83
 -13.477  0.2487E-83  0.1989E-83
 -13.427  0.2487E-83  0.2114E-83
 -13.377  0.2487E-83  0.2238E-83
 -13.327  0.2487E-83  0.2362E-83
 -13.277  0.2487E-83  0.2487E-83
 -13.227  0.2487E-83  0.2611E-83
 -13.177  0.2487E-83  0.2735E-83
 -13.127  0.2487E-83  0.2860E-83
 -13.077  0.2487E-83  0.2984E-83
 -13.027  0.2487E-83  0.3108E-83
 -12.977  0.2487E-83  0.3233E-83
 -12.927  0.2487E-83  0.3357E-83
 -12.877  0.2487E-83  0.3481E-83
 -12.827  0.2487E-83  0.3606E-83
 -12.777  0.2487E-83  0.3730E-83
 -12.727  0.2487E-83  0.3854E-83
 -12.677  0.2487E-83  0.3979E-83
 -12.627  0.2487E-83  0.4103E-83
 -12.577  0.2487E-83  0.4227E-83
 -12.527  0.2487E-83  0.4352E-83
 -12.477  0.2487E-83  0.4476E-83
 -12.427  0.2487E-83  0.4600E-83
 -12.377  0.2487E-83  0.4725E-83
 -12.327  0.2487E-83  0.4849E-83
 -12.277  0.2487E-83  0.4973E-83
 -12.227  0.2487E-83  0.5098E-83
 -12.177  0.2487E-83  0.5222E-83
 -12.127  0.2487E-83  0.5346E-83
 -12.077  0.2487E-83  0.5471E-83
 -12.027  0.2487E-83  0.5595E-83
 -11.977  0.2487E-83  0.5719E-83
 -11.927  0.2487E-83  0.5844E-83
 -11.877  0.2487E-83  0.5968E-83
 -11.827  0.2487E-83  0.6093E-83
 -11.777  0.2487E-83  0.6217E-83
 -11.727  0.2487E-83  0.6341E-83
 -11.677  0.2487E-83  0.6466E-83
 -11.627  0.2487E-83  0.6590E-83
 -11.577  0.2487E-83  0.6714E-83
 -11.527  0.2487E-83  0.6839E-83
 -11.477  0.2487E-83  0.6963E-83
 -11.427  0.2487E-83  0.7087E-83
 -11.377  0.2487E-83  0.7212E-83
 -11.327  0.2487E-83  0.7336E-83
 -11.277  0.2487E-83  0.7460E-83
 -11.227  0.2487E-83  0.7585E-83
 -11.177  0.2487E-83  0.7709E-83
 -11.127  0.2487E-83  0.7833E-83
 -11.077  0.2487E-83  0.7958E-83
 -11.027  0.2487E-83  0.8082E-83
 -10.977  0.2487E-83  0.8206E-83
 -10.927  0.2487E-83  0.8331E-83
 -10.877  0.2487E-83  0.8455E-83
 -10.827  0.2487E-83  0.8579E-83
 -10.777  0.2487E-83  0.8704E-83
 -10.727  0.2487E-83  0.8828E-83
 -10.677  0.2487E-83  0.8952E-83
 -10.627  0.2487E-83  0.9077E-83
 -10.577  0.2487E-83  0.9201E-83
 -10.527  0.2487E-83  0.9325E-83
 -10.477  0.2487E-83  0.9450E-83
 -10.427  0.2487E-83  0.9574E-83
 -10.377  0.2487E-83  0.9698E-83
 -10.327  0.2487E-83  0.9823E-83
 -10.277  0.2487E-83  0.9947E-83
 -10.227  0.2487E-83  0.1007E-82
 -10.177  0.2487E-83  0.1020E-82
 -10.127  0.2487E-83  0.1032E-82
 -10.077  0.2487E-83  0.1044E-82
 -10.027  0.2487E-83  0.1057E-82
  -9.977  0.2487E-83  0.1069E-82
  -9.927  0.2487E-83  0.1082E-82
  -9.877  0.2487E-83  0.1094E-82
  -9.827  0.2487E-83  0.1107E-82
  -9.777  0.2487E-83  0.1119E-82
  -9.727  0.2487E-83  0.1131E-82
  -9.677  0.2487E-83  0.1144E-82
  -9.627  0.2487E-83  0.1156E-82
  -9.577  0.2487E-83  0.1169E-82
  -9.527  0.2487E-83  0.1181E-82
  -9.477  0.2487E-83  0.1194E-82
  -9.427  0.2487E-83  0.1206E-82
  -9.377  0.2487E-83  0.1219E-82
  -9.327  0.2487E-83  0.1231E-82
  -9.277  0.2487E-83  0.1243E-82
  -9.227  0.2487E-83  0.1256E-82
  -9.177  0.2487E-83  0.1268E-82
  -9.127  0.2487E-83  0.1281E-82
  -9.077  0.2487E-83  0.1293E-82
  -9.027  0.2487E-83  0.1306E-82
  -8.977  0.2487E-83  0.1318E-82
  -8.927  0.2487E-83  0.1330E-82
  -8.877  0.2487E-83  0.1343E-82
  -8.827  0.2487E-83  0.1355E-82
  -8.777  0.2487E-83  0.1368E-82
  -8.727  0.2487E-83  0.1380E-82
  -8.677  0.2487E-83  0.1393E-82
  -8.627  0.2487E-83  0.1405E-82
  -8.577  0.2487E-83  0.1417E-82
  -8.527  0.2487E-83  0.1430E-82
  -8.477  0.2487E-83  0.1442E-82
  -8.427  0.2487E-83  0.1455E-82
  -8.377  0.2487E-83  0.1467E-82
  -8.327  0.2487E-83  0.1480E-82
  -8.277  0.2487E-83  0.1492E-82
  -8.227  0.2487E-83  0.1504E-82
  -8.177  0.2487E-83  0.1517E-82
  -8.127  0.2487E-83  0.1529E-82
  -8.077  0.2487E-83  0.1542E-82
  -8.027  0.2487E-83  0.1554E-82
  -7.977  0.2487E-83  0.1567E-82
  -7.927  0.2487E-83  0.1579E-82
  -7.877  0.2487E-83  0.1592E-82
  -7.827  0.2487E-83  0.1604E-82
  -7.777  0.2487E-83  0.1616E-82
  -7.727  0.2487E-83  0.1629E-82
  -7.677  0.2487E-83  0.1641E-82
  -7.627  0.2487E-83  0.1654E-82
  -7.577  0.2487E-83  0.1666E-82
  -7.527  0.2487E-83  0.1679E-82
  -7.477  0.2487E-83  0.1691E-82
  -7.427  0.2487E-83  0.1703E-82
  -7.377  0.2487E-83  0.1716E-82
  -7.327  0.2487E-83  0.1728E-82
  -7.277  0.2487E-83  0.1741E-82
  -7.227  0.2487E-83  0.1753E-82
  -7.177  0.2487E-83  0.1766E-82
  -7.127  0.2487E-83  0.1778E-82
  -7.077  0.2487E-83  0.1790E-82
  -7.027  0.2487E-83  0.1803E-82
  -6.977  0.2487E-83  0.1815E-82
  -6.927  0.2487E-83  0.1828E-82
  -6.877  0.2487E-83  0.1840E-82
  -6.827  0.2487E-83  0.1853E-82
  -6.777  0.2487E-83  0.1865E-82
  -6.727  0.2487E-83  0.1877E-82
  -6.677  0.2487E-83  0.1890E-82
  -6.627  0.2487E-83  0.1902E-82
  -6.577  0.2487E-83  0.1915E-82
  -6.527  0.2487E-83  0.1927E-82
  -6.477  0.2487E-83  0.1940E-82
  -6.427  0.2487E-83  0.1952E-82
  -6.377  0.2487E-83  0.1965E-82
  -6.327  0.2487E-83  0.1977E-82
  -6.277  0.2487E-83  0.1989E-82
  -6.227  0.2487E-83  0.2002E-82
  -6.177  0.2487E-83  0.2014E-82
  -6.127  0.2487E-83  0.2027E-82
  -6.077  0.2487E-83  0.2039E-82
  -6.027  0.2487E-83  0.2052E-82
  -5.977  0.2487E-83  0.2064E-82
  -5.927  0.2487E-83  0.2076E-82
  -5.877  0.2487E-83  0.2089E-82
  -5.827  0.2487E-83  0.2101E-82
  -5.777  0.2487E-83  0.2114E-82
  -5.727  0.5605E-78  0.2805E-79
  -5.677  0.1395E-66  0.6975E-68
  -5.627  0.4349E-56  0.2174E-57
  -5.577  0.1703E-46  0.8516E-48
  -5.527  0.8413E-38  0.4207E-39
  -5.477  0.5268E-30  0.2634E-31
  -5.427  0.4208E-23  0.2104E-24
  -5.377  0.4317E-17  0.2159E-18
  -5.327  0.5736E-12  0.2868E-13
  -5.277  0.9971E-08  0.4986E-09
  -5.227  0.2306E-04  0.1153E-05
  -5.177  0.7349E-02  0.3686E-03
  -5.127  0.3529E+00  0.1801E-01
  -5.077  0.3289E+01  0.1825E+00
  -5.027  0.1115E+02  0.7401E+00
  -4.977  0.1795E+02  0.1638E+01
  -4.927  0.6839E+01  0.1980E+01
  -4.877  0.4045E+00  0.2000E+01
  -4.827  0.3277E-02  0.2000E+01
  -4.777  0.3487E-05  0.2000E+01
  -4.727  0.4783E-09  0.2000E+01
  -4.677  0.8379E-14  0.2000E+01
  -4.627  0.1864E-19  0.2000E+01
  -4.577  0.5248E-26  0.2000E+01
  -4.527  0.1864E-33  0.2000E+01
  -4.477  0.8340E-42  0.2000E+01
  -4.427  0.1388E-48  0.2000E+01
  -4.377  0.1038E-39  0.2000E+01
  -4.327  0.9687E-32  0.2000E+01
  -4.277  0.1125E-24  0.2000E+01
  -4.227  0.1625E-18  0.2000E+01
  -4.177  0.2921E-13  0.2000E+01
  -4.127  0.6531E-09  0.2000E+01
  -4.077  0.1817E-05  0.2000E+01
  -4.027  0.6295E-03  0.2000E+01
  -3.977  0.2747E-01  0.2001E+01
  -3.927  0.1856E+00  0.2011E+01
  -3.877  0.6366E+00  0.2043E+01
  -3.827  0.9050E+00  0.2088E+01
  -3.777  0.2522E+00  0.2100E+01
  -3.727  0.6796E+00  0.2134E+01
  -3.677  0.1139E+01  0.2191E+01
  -3.627  0.1084E+01  0.2246E+01
  -3.577  0.3517E+00  0.2263E+01
  -3.527  0.2965E-01  0.2265E+01
  -3.477  0.4546E+00  0.2287E+01
  -3.427  0.1859E+01  0.2380E+01
  -3.377  0.9686E+00  0.2429E+01
  -3.327  0.4756E+00  0.2453E+01
  -3.277  0.9496E+00  0.2500E+01
  -3.227  0.2701E+00  0.2514E+01
  -3.177  0.5486E-01  0.2516E+01
  -3.127  0.5946E+00  0.2546E+01
  -3.077  0.1550E+01  0.2624E+01
  -3.027  0.2090E+01  0.2728E+01
  -2.977  0.6896E+00  0.2763E+01
  -2.927  0.1006E+00  0.2768E+01
  -2.877  0.6737E+00  0.2801E+01
  -2.827  0.8456E+00  0.2844E+01
  -2.777  0.7757E+00  0.2882E+01
  -2.727  0.2786E+01  0.3022E+01
  -2.677  0.2949E+01  0.3169E+01
  -2.627  0.3874E+01  0.3363E+01
  -2.577  0.5673E+01  0.3646E+01
  -2.527  0.1194E+02  0.4243E+01
  -2.477  0.8589E+01  0.4673E+01
  -2.427  0.4109E+01  0.4878E+01
  -2.377  0.3125E+01  0.5034E+01
  -2.327  0.2791E+01  0.5174E+01
  -2.277  0.1856E+01  0.5267E+01
  -2.227  0.1743E+01  0.5354E+01
  -2.177  0.2703E+01  0.5489E+01
  -2.127  0.2350E+01  0.5606E+01
  -2.077  0.3020E+01  0.5758E+01
  -2.027  0.3065E+01  0.5911E+01
  -1.977  0.1003E+01  0.5961E+01
  -1.927  0.1935E+01  0.6058E+01
  -1.877  0.2272E+01  0.6171E+01
  -1.827  0.9005E+00  0.6216E+01
  -1.777  0.4039E+01  0.6418E+01
  -1.727  0.1708E+02  0.7272E+01
  -1.677  0.3437E+02  0.8991E+01
  -1.627  0.2874E+02  0.1043E+02
  -1.577  0.9686E+01  0.1091E+02
  -1.527  0.2242E+01  0.1102E+02
  -1.477  0.1960E+01  0.1112E+02
  -1.427  0.4988E+01  0.1137E+02
  -1.377  0.7019E+01  0.1172E+02
  -1.327  0.4904E+01  0.1197E+02
  -1.277  0.4223E+01  0.1218E+02
  -1.227  0.6187E+01  0.1249E+02
  -1.177  0.1128E+02  0.1305E+02
  -1.127  0.7745E+01  0.1344E+02
  -1.077  0.4531E+01  0.1367E+02
  -1.027  0.9150E+01  0.1412E+02
  -0.977  0.9503E+01  0.1460E+02
  -0.927  0.1304E+02  0.1525E+02
  -0.877  0.1473E+02  0.1599E+02
  -0.827  0.1110E+02  0.1654E+02
  -0.777  0.9538E+01  0.1702E+02
  -0.727  0.6758E+01  0.1736E+02
  -0.677  0.6524E+01  0.1768E+02
  -0.627  0.1041E+02  0.1820E+02
  -0.577  0.1219E+02  0.1881E+02
  -0.527  0.1193E+02  0.1941E+02
  -0.477  0.1638E+02  0.2023E+02
  -0.427  0.1991E+02  0.2122E+02
  -0.377  0.1778E+02  0.2211E+02
  -0.327  0.2196E+02  0.2321E+02
  -0.277  0.1875E+02  0.2415E+02
  -0.227  0.1600E+02  0.2495E+02
  -0.177  0.1790E+02  0.2584E+02
  -0.127  0.1871E+02  0.2678E+02
  -0.077  0.1553E+02  0.2756E+02
  -0.027  0.1474E+02  0.2829E+02
   0.023  0.1988E+02  0.2929E+02
   0.073  0.1540E+02  0.3006E+02
   0.123  0.1610E+02  0.3086E+02
   0.173  0.1250E+02  0.3149E+02
   0.223  0.1075E+02  0.3202E+02
   0.273  0.1113E+02  0.3258E+02
   0.323  0.1170E+02  0.3317E+02
   0.373  0.1021E+02  0.3368E+02
   0.423  0.9941E+01  0.3417E+02
   0.473  0.1417E+02  0.3488E+02
   0.523  0.1603E+02  0.3568E+02
   0.573  0.1687E+02  0.3653E+02
   0.623  0.1490E+02  0.3727E+02
   0.673  0.1596E+02  0.3807E+02
   0.723  0.1505E+02  0.3882E+02
   0.773  0.1675E+02  0.3966E+02
   0.823  0.1438E+02  0.4038E+02
   0.873  0.1431E+02  0.4109E+02
   0.923  0.1206E+02  0.4170E+02
   0.973  0.1661E+02  0.4253E+02
   1.023  0.2168E+02  0.4361E+02
   1.073  0.1917E+02  0.4457E+02
   1.123  0.1346E+02  0.4524E+02
   1.173  0.1077E+02  0.4578E+02
   1.223  0.1553E+02  0.4656E+02
   1.273  0.2131E+02  0.4762E+02
   1.323  0.2022E+02  0.4863E+02
   1.373  0.1556E+02  0.4941E+02
   1.423  0.1966E+02  0.5040E+02
   1.473  0.2006E+02  0.5140E+02
   1.523  0.1549E+02  0.5217E+02
   1.573  0.2216E+02  0.5328E+02
   1.623  0.2819E+02  0.5469E+02
   1.673  0.2267E+02  0.5582E+02
   1.723  0.2147E+02  0.5690E+02
   1.773  0.2424E+02  0.5811E+02
   1.823  0.2466E+02  0.5934E+02
   1.873  0.2333E+02  0.6051E+02
   1.923  0.2251E+02  0.6163E+02
   1.973  0.2413E+02  0.6284E+02
   2.023  0.3029E+02  0.6436E+02
   2.073  0.2582E+02  0.6565E+02
   2.123  0.2199E+02  0.6675E+02
   2.173  0.1994E+02  0.6774E+02
   2.223  0.2189E+02  0.6884E+02
   2.273  0.2481E+02  0.7008E+02
   2.323  0.3038E+02  0.7160E+02
   2.373  0.3171E+02  0.7318E+02
   2.423  0.2602E+02  0.7448E+02
   2.473  0.2241E+02  0.7560E+02
   2.523  0.2264E+02  0.7674E+02
   2.573  0.2173E+02  0.7782E+02
   2.623  0.1913E+02  0.7878E+02
   2.673  0.1773E+02  0.7966E+02
   2.723  0.1673E+02  0.8050E+02
   2.773  0.2012E+02  0.8151E+02
   2.823  0.1822E+02  0.8242E+02
   2.873  0.1541E+02  0.8319E+02
   2.923  0.1408E+02  0.8389E+02
   2.973  0.1524E+02  0.8465E+02
   3.023  0.1734E+02  0.8552E+02
   3.073  0.1627E+02  0.8633E+02
   3.123  0.1742E+02  0.8721E+02
   3.173  0.2180E+02  0.8830E+02
   3.223  0.2240E+02  0.8942E+02
   3.273  0.2491E+02  0.9066E+02
   3.323  0.2277E+02  0.9180E+02
   3.373  0.1487E+02  0.9254E+02
   3.423  0.1529E+02  0.9331E+02
   3.473  0.1608E+02  0.9411E+02
   3.523  0.1349E+02  0.9479E+02
   3.573  0.1268E+02  0.9542E+02
   3.623  0.1862E+02  0.9635E+02
   3.673  0.1691E+02  0.9720E+02
   3.723  0.1639E+02  0.9802E+02
   3.773  0.2006E+02  0.9902E+02
   3.823  0.1796E+02  0.9992E+02
   3.873  0.1788E+02  0.1008E+03
   3.923  0.2006E+02  0.1018E+03
   3.973  0.1743E+02  0.1027E+03
   4.023  0.2113E+02  0.1037E+03
   4.073  0.2462E+02  0.1050E+03
   4.123  0.1995E+02  0.1060E+03
   4.173  0.1904E+02  0.1069E+03
   4.223  0.2372E+02  0.1081E+03
   4.273  0.2247E+02  0.1092E+03
   4.323  0.1795E+02  0.1101E+03
   4.373  0.1558E+02  0.1109E+03
   4.423  0.1093E+02  0.1115E+03
   4.473  0.1043E+02  0.1120E+03
   4.523  0.1480E+02  0.1127E+03
   4.573  0.2222E+02  0.1138E+03
   4.623  0.2559E+02  0.1151E+03
   4.673  0.1583E+02  0.1159E+03
   4.723  0.1210E+02  0.1165E+03
   4.773  0.1619E+02  0.1173E+03
   4.823  0.1708E+02  0.1182E+03
   4.873  0.1619E+02  0.1190E+03
   4.923  0.2396E+02  0.1202E+03
   4.973  0.3095E+02  0.1217E+03
   5.023  0.2676E+02  0.1231E+03
   5.073  0.2346E+02  0.1242E+03
   5.123  0.2660E+02  0.1256E+03
   5.173  0.2727E+02  0.1269E+03
   5.223  0.2646E+02  0.1282E+03
   5.273  0.2048E+02  0.1293E+03
   5.323  0.1890E+02  0.1302E+03
   5.373  0.1939E+02  0.1312E+03
   5.423  0.1809E+02  0.1321E+03
   5.473  0.1820E+02  0.1330E+03
   5.523  0.1601E+02  0.1338E+03
   5.573  0.8650E+01  0.1342E+03
   5.623  0.3711E+01  0.1344E+03
   5.673  0.2627E+01  0.1346E+03
   5.723  0.3922E+01  0.1347E+03
   5.773  0.5388E+01  0.1350E+03
   5.823  0.4604E+01  0.1352E+03
   5.873  0.7727E+01  0.1356E+03
   5.923  0.9458E+01  0.1361E+03
   5.973  0.8141E+01  0.1365E+03
   6.023  0.6406E+01  0.1368E+03
   6.073  0.3641E+01  0.1370E+03
   6.123  0.3843E+01  0.1372E+03
   6.173  0.3173E+01  0.1374E+03
   6.223  0.2891E+01  0.1375E+03
   6.273  0.2394E+01  0.1376E+03
   6.323  0.2687E+01  0.1378E+03
   6.373  0.3074E+01  0.1379E+03
   6.423  0.3641E+01  0.1381E+03
   6.473  0.4450E+01  0.1383E+03
   6.523  0.2306E+01  0.1384E+03
   6.573  0.3016E+01  0.1386E+03
   6.623  0.5005E+01  0.1388E+03
   6.673  0.3449E+01  0.1390E+03
   6.723  0.3710E+01  0.1392E+03
   6.773  0.4457E+01  0.1394E+03
   6.823  0.3702E+01  0.1396E+03
   6.873  0.5225E+01  0.1399E+03
   6.923  0.6647E+01  0.1402E+03
   6.973  0.6159E+01  0.1405E+03
   7.023  0.4215E+01  0.1407E+03
   7.073  0.2448E+01  0.1408E+03
   7.123  0.6551E+01  0.1412E+03
   7.173  0.7379E+01  0.1415E+03
   7.223  0.4953E+01  0.1418E+03
   7.273  0.2366E+01  0.1419E+03
   7.323  0.2981E+01  0.1421E+03
   7.373  0.4337E+01  0.1423E+03
   7.423  0.3864E+01  0.1425E+03
   7.473  0.2837E+01  0.1426E+03
   7.523  0.2666E+01  0.1427E+03
   7.573  0.2592E+01  0.1429E+03
   7.623  0.1484E+01  0.1429E+03
   7.673  0.4736E+01  0.1432E+03
   7.723  0.5003E+01  0.1434E+03
   7.773  0.4694E+01  0.1437E+03
   7.823  0.6208E+01  0.1440E+03
   7.873  0.6089E+01  0.1443E+03
   7.923  0.7183E+01  0.1446E+03
   7.973  0.7787E+01  0.1450E+03
   8.023  0.6016E+01  0.1453E+03
   8.073  0.5928E+01  0.1456E+03
   8.123  0.5753E+01  0.1459E+03
   8.173  0.5128E+01  0.1462E+03
   8.223  0.3410E+01  0.1463E+03
   8.273  0.1714E+01  0.1464E+03
   8.323  0.2004E+01  0.1465E+03
   8.373  0.3192E+01  0.1467E+03
   8.423  0.4465E+01  0.1469E+03
   8.473  0.2701E+01  0.1470E+03
   8.523  0.5853E+01  0.1473E+03
   8.573  0.9415E+01  0.1478E+03
   8.623  0.8953E+01  0.1483E+03
   8.673  0.9583E+01  0.1487E+03
   8.723  0.8588E+01  0.1492E+03
   8.773  0.4732E+01  0.1494E+03
   8.823  0.6301E+01  0.1497E+03
   8.873  0.6366E+01  0.1500E+03
   8.923  0.6670E+01  0.1504E+03
   8.973  0.6059E+01  0.1507E+03
   9.023  0.4391E+01  0.1509E+03
   9.073  0.5650E+01  0.1512E+03
   9.123  0.7618E+01  0.1516E+03
   9.173  0.2605E+01  0.1517E+03
   9.223  0.2514E+01  0.1518E+03
   9.273  0.4169E+01  0.1520E+03
   9.323  0.3382E+01  0.1522E+03
   9.373  0.2849E+01  0.1523E+03
   9.423  0.3352E+01  0.1525E+03
   9.473  0.1961E+01  0.1526E+03
   9.523  0.2331E+01  0.1527E+03
   9.573  0.2174E+01  0.1528E+03
   9.623  0.7054E+00  0.1529E+03
   9.673  0.2305E+01  0.1530E+03
   9.723  0.4287E+01  0.1532E+03
   9.773  0.1527E+01  0.1533E+03
   9.823  0.3872E+00  0.1533E+03
   9.873  0.1544E+01  0.1534E+03
   9.923  0.1411E+01  0.1534E+03
   9.973  0.6328E+00  0.1535E+03
  10.023  0.4167E+00  0.1535E+03
  10.073  0.1669E+01  0.1536E+03
  10.123  0.2904E+01  0.1537E+03
  10.173  0.2026E+01  0.1538E+03
  10.223  0.4474E+00  0.1538E+03
  10.273  0.1962E-01  0.1538E+03
  10.323  0.6404E-01  0.1538E+03
  10.373  0.6495E+00  0.1539E+03
  10.423  0.8444E+00  0.1539E+03
  10.473  0.5525E+00  0.1539E+03
  10.523  0.9495E+00  0.1540E+03
  10.573  0.2635E+00  0.1540E+03
  10.623  0.9122E-02  0.1540E+03
  10.673  0.3929E-04  0.1540E+03
  10.723  0.2106E-07  0.1540E+03
  10.773  0.1404E-11  0.1540E+03
  10.823  0.1164E-16  0.1540E+03
  10.873  0.1202E-22  0.1540E+03
  10.923  0.1543E-29  0.1540E+03
  10.973  0.2465E-37  0.1540E+03
  11.023  0.4900E-46  0.1540E+03
  11.073  0.1212E-55  0.1540E+03
  11.123  0.3728E-66  0.1540E+03
  11.173  0.1427E-77  0.1540E+03
  11.223  0.2487E-83  0.1540E+03
  11.273  0.2487E-83  0.1540E+03
  11.323  0.2487E-83  0.1540E+03
  11.373  0.2487E-83  0.1540E+03
  11.423  0.2487E-83  0.1540E+03
  11.473  0.2487E-83  0.1540E+03
  11.523  0.2487E-83  0.1540E+03
  11.573  0.2487E-83  0.1540E+03
  11.623  0.2487E-83  0.1540E+03
  11.673  0.2487E-83  0.1540E+03
  11.723  0.2487E-83  0.1540E+03
  11.773  0.2487E-83  0.1540E+03
  11.823  0.2487E-83  0.1540E+03
  11.873  0.2487E-83  0.1540E+03
  11.923  0.2487E-83  0.1540E+03
  11.973  0.2487E-83  0.1540E+03
  12.023  0.2487E-83  0.1540E+03
  12.073  0.2487E-83  0.1540E+03
  12.123  0.2487E-83  0.1540E+03
  12.173  0.2487E-83  0.1540E+03
  12.223  0.2487E-83  0.1540E+03
  12.273  0.2487E-83  0.1540E+03
  12.323  0.2487E-83  0.1540E+03
  12.373  0.2487E-83  0.1540E+03
  12.423  0.2487E-83  0.1540E+03
  12.473  0.2487E-83  0.1540E+03
  12.523  0.2487E-83  0.1540E+03
  12.573  0.2487E-83  0.1540E+03
  12.623  0.2487E-83  0.1540E+03
  12.673  0.2487E-83  0.1540E+03
  12.723  0.2487E-83  0.1540E+03
  12.773  0.2487E-83  0.1540E+03
