# E (eV)   ldos(E)   pdos(E)    pdos(E)    pdos(E)    pdos(E)    pdos(E)   
 -19.205  0.142E-05  0.142E-05  0.269E-09  0.269E-09  0.528E-09  0.528E-09
 -19.155  0.947E-05  0.946E-05  0.180E-08  0.180E-08  0.353E-08  0.353E-08
 -19.105  0.506E-04  0.505E-04  0.959E-08  0.959E-08  0.189E-07  0.189E-07
 -19.055  0.216E-03  0.216E-03  0.409E-07  0.409E-07  0.807E-07  0.807E-07
 -19.005  0.738E-03  0.737E-03  0.140E-06  0.140E-06  0.276E-06  0.276E-06
 -18.955  0.202E-02  0.202E-02  0.382E-06  0.382E-06  0.755E-06  0.755E-06
 -18.905  0.441E-02  0.441E-02  0.834E-06  0.834E-06  0.165E-05  0.165E-05
 -18.855  0.772E-02  0.771E-02  0.146E-05  0.146E-05  0.289E-05  0.289E-05
 -18.805  0.108E-01  0.108E-01  0.204E-05  0.204E-05  0.405E-05  0.405E-05
 -18.755  0.121E-01  0.121E-01  0.228E-05  0.228E-05  0.454E-05  0.454E-05
 -18.705  0.108E-01  0.108E-01  0.204E-05  0.204E-05  0.407E-05  0.407E-05
 -18.655  0.775E-02  0.774E-02  0.146E-05  0.146E-05  0.292E-05  0.292E-05
 -18.605  0.444E-02  0.443E-02  0.835E-06  0.835E-06  0.167E-05  0.167E-05
 -18.555  0.203E-02  0.203E-02  0.382E-06  0.382E-06  0.768E-06  0.768E-06
 -18.505  0.745E-03  0.745E-03  0.140E-06  0.140E-06  0.282E-06  0.282E-06
 -18.455  0.219E-03  0.218E-03  0.411E-07  0.411E-07  0.827E-07  0.827E-07
 -18.405  0.513E-04  0.512E-04  0.963E-08  0.963E-08  0.194E-07  0.194E-07
 -18.355  0.962E-05  0.961E-05  0.180E-08  0.180E-08  0.365E-08  0.365E-08
 -18.305  0.144E-05  0.144E-05  0.271E-09  0.271E-09  0.548E-09  0.548E-09
 -18.255  0.173E-06  0.173E-06  0.325E-10  0.325E-10  0.659E-10  0.659E-10
 -18.205  0.167E-07  0.166E-07  0.312E-11  0.312E-11  0.633E-11  0.633E-11
 -18.155  0.128E-08  0.128E-08  0.239E-12  0.239E-12  0.487E-12  0.487E-12
 -18.105  0.787E-10  0.786E-10  0.147E-13  0.147E-13  0.300E-13  0.300E-13
 -18.055  0.387E-11  0.386E-11  0.723E-15  0.723E-15  0.148E-14  0.148E-14
 -18.005  0.152E-12  0.152E-12  0.284E-16  0.284E-16  0.581E-16  0.581E-16
 -17.955  0.000E+00  0.000E+00  0.000E+00  0.000E+00  0.000E+00  0.000E+00
 -17.905  0.000E+00  0.000E+00  0.000E+00  0.000E+00  0.000E+00  0.000E+00
 -17.855  0.000E+00  0.000E+00  0.000E+00  0.000E+00  0.000E+00  0.000E+00
 -17.805  0.000E+00  0.000E+00  0.000E+00  0.000E+00  0.000E+00  0.000E+00
 -17.755  0.000E+00  0.000E+00  0.000E+00  0.000E+00  0.000E+00  0.000E+00
 -17.705  0.000E+00  0.000E+00  0.000E+00  0.000E+00  0.000E+00  0.000E+00
 -17.655  0.000E+00  0.000E+00  0.000E+00  0.000E+00  0.000E+00  0.000E+00
 -17.605  0.000E+00  0.000E+00  0.000E+00  0.000E+00  0.000E+00  0.000E+00
 -17.555  0.000E+00  0.000E+00  0.000E+00  0.000E+00  0.000E+00  0.000E+00
 -17.505  0.000E+00  0.000E+00  0.000E+00  0.000E+00  0.000E+00  0.000E+00
 -17.455  0.000E+00  0.000E+00  0.000E+00  0.000E+00  0.000E+00  0.000E+00
 -17.405  0.000E+00  0.000E+00  0.000E+00  0.000E+00  0.000E+00  0.000E+00
 -17.355  0.000E+00  0.000E+00  0.000E+00  0.000E+00  0.000E+00  0.000E+00
 -17.305  0.000E+00  0.000E+00  0.000E+00  0.000E+00  0.000E+00  0.000E+00
 -17.255  0.000E+00  0.000E+00  0.000E+00  0.000E+00  0.000E+00  0.000E+00
 -17.205  0.000E+00  0.000E+00  0.000E+00  0.000E+00  0.000E+00  0.000E+00
 -17.155  0.000E+00  0.000E+00  0.000E+00  0.000E+00  0.000E+00  0.000E+00
 -17.105  0.000E+00  0.000E+00  0.000E+00  0.000E+00  0.000E+00  0.000E+00
 -17.055  0.000E+00  0.000E+00  0.000E+00  0.000E+00  0.000E+00  0.000E+00
 -17.005  0.000E+00  0.000E+00  0.000E+00  0.000E+00  0.000E+00  0.000E+00
 -16.955  0.000E+00  0.000E+00  0.000E+00  0.000E+00  0.000E+00  0.000E+00
 -16.905  0.000E+00  0.000E+00  0.000E+00  0.000E+00  0.000E+00  0.000E+00
 -16.855  0.000E+00  0.000E+00  0.000E+00  0.000E+00  0.000E+00  0.000E+00
 -16.805  0.000E+00  0.000E+00  0.000E+00  0.000E+00  0.000E+00  0.000E+00
 -16.755  0.000E+00  0.000E+00  0.000E+00  0.000E+00  0.000E+00  0.000E+00
 -16.705  0.000E+00  0.000E+00  0.000E+00  0.000E+00  0.000E+00  0.000E+00
 -16.655  0.000E+00  0.000E+00  0.000E+00  0.000E+00  0.000E+00  0.000E+00
 -16.605  0.000E+00  0.000E+00  0.000E+00  0.000E+00  0.000E+00  0.000E+00
 -16.555  0.000E+00  0.000E+00  0.000E+00  0.000E+00  0.000E+00  0.000E+00
 -16.505  0.000E+00  0.000E+00  0.000E+00  0.000E+00  0.000E+00  0.000E+00
 -16.455  0.000E+00  0.000E+00  0.000E+00  0.000E+00  0.000E+00  0.000E+00
 -16.405  0.000E+00  0.000E+00  0.000E+00  0.000E+00  0.000E+00  0.000E+00
 -16.355  0.000E+00  0.000E+00  0.000E+00  0.000E+00  0.000E+00  0.000E+00
 -16.305  0.000E+00  0.000E+00  0.000E+00  0.000E+00  0.000E+00  0.000E+00
 -16.255  0.000E+00  0.000E+00  0.000E+00  0.000E+00  0.000E+00  0.000E+00
 -16.205  0.000E+00  0.000E+00  0.000E+00  0.000E+00  0.000E+00  0.000E+00
 -16.155  0.000E+00  0.000E+00  0.000E+00  0.000E+00  0.000E+00  0.000E+00
 -16.105  0.000E+00  0.000E+00  0.000E+00  0.000E+00  0.000E+00  0.000E+00
 -16.055  0.000E+00  0.000E+00  0.000E+00  0.000E+00  0.000E+00  0.000E+00
 -16.005  0.000E+00  0.000E+00  0.000E+00  0.000E+00  0.000E+00  0.000E+00
 -15.955  0.000E+00  0.000E+00  0.000E+00  0.000E+00  0.000E+00  0.000E+00
 -15.905  0.000E+00  0.000E+00  0.000E+00  0.000E+00  0.000E+00  0.000E+00
 -15.855  0.000E+00  0.000E+00  0.000E+00  0.000E+00  0.000E+00  0.000E+00
 -15.805  0.000E+00  0.000E+00  0.000E+00  0.000E+00  0.000E+00  0.000E+00
 -15.755  0.000E+00  0.000E+00  0.000E+00  0.000E+00  0.000E+00  0.000E+00
 -15.705  0.000E+00  0.000E+00  0.000E+00  0.000E+00  0.000E+00  0.000E+00
 -15.655  0.000E+00  0.000E+00  0.000E+00  0.000E+00  0.000E+00  0.000E+00
 -15.605  0.000E+00  0.000E+00  0.000E+00  0.000E+00  0.000E+00  0.000E+00
 -15.555  0.000E+00  0.000E+00  0.000E+00  0.000E+00  0.000E+00  0.000E+00
 -15.505  0.000E+00  0.000E+00  0.000E+00  0.000E+00  0.000E+00  0.000E+00
 -15.455  0.000E+00  0.000E+00  0.000E+00  0.000E+00  0.000E+00  0.000E+00
 -15.405  0.000E+00  0.000E+00  0.000E+00  0.000E+00  0.000E+00  0.000E+00
 -15.355  0.000E+00  0.000E+00  0.000E+00  0.000E+00  0.000E+00  0.000E+00
 -15.305  0.000E+00  0.000E+00  0.000E+00  0.000E+00  0.000E+00  0.000E+00
 -15.255  0.000E+00  0.000E+00  0.000E+00  0.000E+00  0.000E+00  0.000E+00
 -15.205  0.000E+00  0.000E+00  0.000E+00  0.000E+00  0.000E+00  0.000E+00
 -15.155  0.000E+00  0.000E+00  0.000E+00  0.000E+00  0.000E+00  0.000E+00
 -15.105  0.000E+00  0.000E+00  0.000E+00  0.000E+00  0.000E+00  0.000E+00
 -15.055  0.000E+00  0.000E+00  0.000E+00  0.000E+00  0.000E+00  0.000E+00
 -15.005  0.000E+00  0.000E+00  0.000E+00  0.000E+00  0.000E+00  0.000E+00
 -14.955  0.000E+00  0.000E+00  0.000E+00  0.000E+00  0.000E+00  0.000E+00
 -14.905  0.000E+00  0.000E+00  0.000E+00  0.000E+00  0.000E+00  0.000E+00
 -14.855  0.000E+00  0.000E+00  0.000E+00  0.000E+00  0.000E+00  0.000E+00
 -14.805  0.000E+00  0.000E+00  0.000E+00  0.000E+00  0.000E+00  0.000E+00
 -14.755  0.000E+00  0.000E+00  0.000E+00  0.000E+00  0.000E+00  0.000E+00
 -14.705  0.000E+00  0.000E+00  0.000E+00  0.000E+00  0.000E+00  0.000E+00
 -14.655  0.000E+00  0.000E+00  0.000E+00  0.000E+00  0.000E+00  0.000E+00
 -14.605  0.000E+00  0.000E+00  0.000E+00  0.000E+00  0.000E+00  0.000E+00
 -14.555  0.000E+00  0.000E+00  0.000E+00  0.000E+00  0.000E+00  0.000E+00
 -14.505  0.000E+00  0.000E+00  0.000E+00  0.000E+00  0.000E+00  0.000E+00
 -14.455  0.000E+00  0.000E+00  0.000E+00  0.000E+00  0.000E+00  0.000E+00
 -14.405  0.000E+00  0.000E+00  0.000E+00  0.000E+00  0.000E+00  0.000E+00
 -14.355  0.000E+00  0.000E+00  0.000E+00  0.000E+00  0.000E+00  0.000E+00
 -14.305  0.000E+00  0.000E+00  0.000E+00  0.000E+00  0.000E+00  0.000E+00
 -14.255  0.000E+00  0.000E+00  0.000E+00  0.000E+00  0.000E+00  0.000E+00
 -14.205  0.000E+00  0.000E+00  0.000E+00  0.000E+00  0.000E+00  0.000E+00
 -14.155  0.000E+00  0.000E+00  0.000E+00  0.000E+00  0.000E+00  0.000E+00
 -14.105  0.000E+00  0.000E+00  0.000E+00  0.000E+00  0.000E+00  0.000E+00
 -14.055  0.000E+00  0.000E+00  0.000E+00  0.000E+00  0.000E+00  0.000E+00
 -14.005  0.000E+00  0.000E+00  0.000E+00  0.000E+00  0.000E+00  0.000E+00
 -13.955  0.000E+00  0.000E+00  0.000E+00  0.000E+00  0.000E+00  0.000E+00
 -13.905  0.000E+00  0.000E+00  0.000E+00  0.000E+00  0.000E+00  0.000E+00
 -13.855  0.000E+00  0.000E+00  0.000E+00  0.000E+00  0.000E+00  0.000E+00
 -13.805  0.000E+00  0.000E+00  0.000E+00  0.000E+00  0.000E+00  0.000E+00
 -13.755  0.000E+00  0.000E+00  0.000E+00  0.000E+00  0.000E+00  0.000E+00
 -13.705  0.000E+00  0.000E+00  0.000E+00  0.000E+00  0.000E+00  0.000E+00
 -13.655  0.000E+00  0.000E+00  0.000E+00  0.000E+00  0.000E+00  0.000E+00
 -13.605  0.000E+00  0.000E+00  0.000E+00  0.000E+00  0.000E+00  0.000E+00
 -13.555  0.000E+00  0.000E+00  0.000E+00  0.000E+00  0.000E+00  0.000E+00
 -13.505  0.000E+00  0.000E+00  0.000E+00  0.000E+00  0.000E+00  0.000E+00
 -13.455  0.000E+00  0.000E+00  0.000E+00  0.000E+00  0.000E+00  0.000E+00
 -13.405  0.000E+00  0.000E+00  0.000E+00  0.000E+00  0.000E+00  0.000E+00
 -13.355  0.000E+00  0.000E+00  0.000E+00  0.000E+00  0.000E+00  0.000E+00
 -13.305  0.000E+00  0.000E+00  0.000E+00  0.000E+00  0.000E+00  0.000E+00
 -13.255  0.000E+00  0.000E+00  0.000E+00  0.000E+00  0.000E+00  0.000E+00
 -13.205  0.000E+00  0.000E+00  0.000E+00  0.000E+00  0.000E+00  0.000E+00
 -13.155  0.000E+00  0.000E+00  0.000E+00  0.000E+00  0.000E+00  0.000E+00
 -13.105  0.000E+00  0.000E+00  0.000E+00  0.000E+00  0.000E+00  0.000E+00
 -13.055  0.000E+00  0.000E+00  0.000E+00  0.000E+00  0.000E+00  0.000E+00
 -13.005  0.000E+00  0.000E+00  0.000E+00  0.000E+00  0.000E+00  0.000E+00
 -12.955  0.000E+00  0.000E+00  0.000E+00  0.000E+00  0.000E+00  0.000E+00
 -12.905  0.000E+00  0.000E+00  0.000E+00  0.000E+00  0.000E+00  0.000E+00
 -12.855  0.000E+00  0.000E+00  0.000E+00  0.000E+00  0.000E+00  0.000E+00
 -12.805  0.000E+00  0.000E+00  0.000E+00  0.000E+00  0.000E+00  0.000E+00
 -12.755  0.000E+00  0.000E+00  0.000E+00  0.000E+00  0.000E+00  0.000E+00
 -12.705  0.000E+00  0.000E+00  0.000E+00  0.000E+00  0.000E+00  0.000E+00
 -12.655  0.000E+00  0.000E+00  0.000E+00  0.000E+00  0.000E+00  0.000E+00
 -12.605  0.000E+00  0.000E+00  0.000E+00  0.000E+00  0.000E+00  0.000E+00
 -12.555  0.000E+00  0.000E+00  0.000E+00  0.000E+00  0.000E+00  0.000E+00
 -12.505  0.000E+00  0.000E+00  0.000E+00  0.000E+00  0.000E+00  0.000E+00
 -12.455  0.000E+00  0.000E+00  0.000E+00  0.000E+00  0.000E+00  0.000E+00
 -12.405  0.000E+00  0.000E+00  0.000E+00  0.000E+00  0.000E+00  0.000E+00
 -12.355  0.000E+00  0.000E+00  0.000E+00  0.000E+00  0.000E+00  0.000E+00
 -12.305  0.000E+00  0.000E+00  0.000E+00  0.000E+00  0.000E+00  0.000E+00
 -12.255  0.000E+00  0.000E+00  0.000E+00  0.000E+00  0.000E+00  0.000E+00
 -12.205  0.000E+00  0.000E+00  0.000E+00  0.000E+00  0.000E+00  0.000E+00
 -12.155  0.000E+00  0.000E+00  0.000E+00  0.000E+00  0.000E+00  0.000E+00
 -12.105  0.000E+00  0.000E+00  0.000E+00  0.000E+00  0.000E+00  0.000E+00
 -12.055  0.000E+00  0.000E+00  0.000E+00  0.000E+00  0.000E+00  0.000E+00
 -12.005  0.000E+00  0.000E+00  0.000E+00  0.000E+00  0.000E+00  0.000E+00
 -11.955  0.000E+00  0.000E+00  0.000E+00  0.000E+00  0.000E+00  0.000E+00
 -11.905  0.000E+00  0.000E+00  0.000E+00  0.000E+00  0.000E+00  0.000E+00
 -11.855  0.000E+00  0.000E+00  0.000E+00  0.000E+00  0.000E+00  0.000E+00
 -11.805  0.000E+00  0.000E+00  0.000E+00  0.000E+00  0.000E+00  0.000E+00
 -11.755  0.000E+00  0.000E+00  0.000E+00  0.000E+00  0.000E+00  0.000E+00
 -11.705  0.000E+00  0.000E+00  0.000E+00  0.000E+00  0.000E+00  0.000E+00
 -11.655  0.000E+00  0.000E+00  0.000E+00  0.000E+00  0.000E+00  0.000E+00
 -11.605  0.000E+00  0.000E+00  0.000E+00  0.000E+00  0.000E+00  0.000E+00
 -11.555  0.000E+00  0.000E+00  0.000E+00  0.000E+00  0.000E+00  0.000E+00
 -11.505  0.000E+00  0.000E+00  0.000E+00  0.000E+00  0.000E+00  0.000E+00
 -11.455  0.000E+00  0.000E+00  0.000E+00  0.000E+00  0.000E+00  0.000E+00
 -11.405  0.000E+00  0.000E+00  0.000E+00  0.000E+00  0.000E+00  0.000E+00
 -11.355  0.000E+00  0.000E+00  0.000E+00  0.000E+00  0.000E+00  0.000E+00
 -11.305  0.000E+00  0.000E+00  0.000E+00  0.000E+00  0.000E+00  0.000E+00
 -11.255  0.000E+00  0.000E+00  0.000E+00  0.000E+00  0.000E+00  0.000E+00
 -11.205  0.000E+00  0.000E+00  0.000E+00  0.000E+00  0.000E+00  0.000E+00
 -11.155  0.000E+00  0.000E+00  0.000E+00  0.000E+00  0.000E+00  0.000E+00
 -11.105  0.000E+00  0.000E+00  0.000E+00  0.000E+00  0.000E+00  0.000E+00
 -11.055  0.000E+00  0.000E+00  0.000E+00  0.000E+00  0.000E+00  0.000E+00
 -11.005  0.000E+00  0.000E+00  0.000E+00  0.000E+00  0.000E+00  0.000E+00
 -10.955  0.000E+00  0.000E+00  0.000E+00  0.000E+00  0.000E+00  0.000E+00
 -10.905  0.000E+00  0.000E+00  0.000E+00  0.000E+00  0.000E+00  0.000E+00
 -10.855  0.000E+00  0.000E+00  0.000E+00  0.000E+00  0.000E+00  0.000E+00
 -10.805  0.000E+00  0.000E+00  0.000E+00  0.000E+00  0.000E+00  0.000E+00
 -10.755  0.000E+00  0.000E+00  0.000E+00  0.000E+00  0.000E+00  0.000E+00
 -10.705  0.000E+00  0.000E+00  0.000E+00  0.000E+00  0.000E+00  0.000E+00
 -10.655  0.000E+00  0.000E+00  0.000E+00  0.000E+00  0.000E+00  0.000E+00
 -10.605  0.000E+00  0.000E+00  0.000E+00  0.000E+00  0.000E+00  0.000E+00
 -10.555  0.000E+00  0.000E+00  0.000E+00  0.000E+00  0.000E+00  0.000E+00
 -10.505  0.000E+00  0.000E+00  0.000E+00  0.000E+00  0.000E+00  0.000E+00
 -10.455  0.000E+00  0.000E+00  0.000E+00  0.000E+00  0.000E+00  0.000E+00
 -10.405  0.000E+00  0.000E+00  0.000E+00  0.000E+00  0.000E+00  0.000E+00
 -10.355  0.000E+00  0.000E+00  0.000E+00  0.000E+00  0.000E+00  0.000E+00
 -10.305  0.000E+00  0.000E+00  0.000E+00  0.000E+00  0.000E+00  0.000E+00
 -10.255  0.000E+00  0.000E+00  0.000E+00  0.000E+00  0.000E+00  0.000E+00
 -10.205  0.000E+00  0.000E+00  0.000E+00  0.000E+00  0.000E+00  0.000E+00
 -10.155  0.000E+00  0.000E+00  0.000E+00  0.000E+00  0.000E+00  0.000E+00
 -10.105  0.000E+00  0.000E+00  0.000E+00  0.000E+00  0.000E+00  0.000E+00
 -10.055  0.000E+00  0.000E+00  0.000E+00  0.000E+00  0.000E+00  0.000E+00
 -10.005  0.000E+00  0.000E+00  0.000E+00  0.000E+00  0.000E+00  0.000E+00
  -9.955  0.000E+00  0.000E+00  0.000E+00  0.000E+00  0.000E+00  0.000E+00
  -9.905  0.000E+00  0.000E+00  0.000E+00  0.000E+00  0.000E+00  0.000E+00
  -9.855  0.000E+00  0.000E+00  0.000E+00  0.000E+00  0.000E+00  0.000E+00
  -9.805  0.000E+00  0.000E+00  0.000E+00  0.000E+00  0.000E+00  0.000E+00
  -9.755  0.000E+00  0.000E+00  0.000E+00  0.000E+00  0.000E+00  0.000E+00
  -9.705  0.000E+00  0.000E+00  0.000E+00  0.000E+00  0.000E+00  0.000E+00
  -9.655  0.000E+00  0.000E+00  0.000E+00  0.000E+00  0.000E+00  0.000E+00
  -9.605  0.000E+00  0.000E+00  0.000E+00  0.000E+00  0.000E+00  0.000E+00
  -9.555  0.000E+00  0.000E+00  0.000E+00  0.000E+00  0.000E+00  0.000E+00
  -9.505  0.000E+00  0.000E+00  0.000E+00  0.000E+00  0.000E+00  0.000E+00
  -9.455  0.000E+00  0.000E+00  0.000E+00  0.000E+00  0.000E+00  0.000E+00
  -9.405  0.000E+00  0.000E+00  0.000E+00  0.000E+00  0.000E+00  0.000E+00
  -9.355  0.000E+00  0.000E+00  0.000E+00  0.000E+00  0.000E+00  0.000E+00
  -9.305  0.000E+00  0.000E+00  0.000E+00  0.000E+00  0.000E+00  0.000E+00
  -9.255  0.000E+00  0.000E+00  0.000E+00  0.000E+00  0.000E+00  0.000E+00
  -9.205  0.000E+00  0.000E+00  0.000E+00  0.000E+00  0.000E+00  0.000E+00
  -9.155  0.000E+00  0.000E+00  0.000E+00  0.000E+00  0.000E+00  0.000E+00
  -9.105  0.000E+00  0.000E+00  0.000E+00  0.000E+00  0.000E+00  0.000E+00
  -9.055  0.000E+00  0.000E+00  0.000E+00  0.000E+00  0.000E+00  0.000E+00
  -9.005  0.000E+00  0.000E+00  0.000E+00  0.000E+00  0.000E+00  0.000E+00
  -8.955  0.000E+00  0.000E+00  0.000E+00  0.000E+00  0.000E+00  0.000E+00
  -8.905  0.000E+00  0.000E+00  0.000E+00  0.000E+00  0.000E+00  0.000E+00
  -8.855  0.000E+00  0.000E+00  0.000E+00  0.000E+00  0.000E+00  0.000E+00
  -8.805  0.000E+00  0.000E+00  0.000E+00  0.000E+00  0.000E+00  0.000E+00
  -8.755  0.000E+00  0.000E+00  0.000E+00  0.000E+00  0.000E+00  0.000E+00
  -8.705  0.000E+00  0.000E+00  0.000E+00  0.000E+00  0.000E+00  0.000E+00
  -8.655  0.000E+00  0.000E+00  0.000E+00  0.000E+00  0.000E+00  0.000E+00
  -8.605  0.000E+00  0.000E+00  0.000E+00  0.000E+00  0.000E+00  0.000E+00
  -8.555  0.000E+00  0.000E+00  0.000E+00  0.000E+00  0.000E+00  0.000E+00
  -8.505  0.000E+00  0.000E+00  0.000E+00  0.000E+00  0.000E+00  0.000E+00
  -8.455  0.000E+00  0.000E+00  0.000E+00  0.000E+00  0.000E+00  0.000E+00
  -8.405  0.000E+00  0.000E+00  0.000E+00  0.000E+00  0.000E+00  0.000E+00
  -8.355  0.000E+00  0.000E+00  0.000E+00  0.000E+00  0.000E+00  0.000E+00
  -8.305  0.000E+00  0.000E+00  0.000E+00  0.000E+00  0.000E+00  0.000E+00
  -8.255  0.000E+00  0.000E+00  0.000E+00  0.000E+00  0.000E+00  0.000E+00
  -8.205  0.000E+00  0.000E+00  0.000E+00  0.000E+00  0.000E+00  0.000E+00
  -8.155  0.000E+00  0.000E+00  0.000E+00  0.000E+00  0.000E+00  0.000E+00
  -8.105  0.000E+00  0.000E+00  0.000E+00  0.000E+00  0.000E+00  0.000E+00
  -8.055  0.000E+00  0.000E+00  0.000E+00  0.000E+00  0.000E+00  0.000E+00
  -8.005  0.000E+00  0.000E+00  0.000E+00  0.000E+00  0.000E+00  0.000E+00
  -7.955  0.000E+00  0.000E+00  0.000E+00  0.000E+00  0.000E+00  0.000E+00
  -7.905  0.000E+00  0.000E+00  0.000E+00  0.000E+00  0.000E+00  0.000E+00
  -7.855  0.000E+00  0.000E+00  0.000E+00  0.000E+00  0.000E+00  0.000E+00
  -7.805  0.000E+00  0.000E+00  0.000E+00  0.000E+00  0.000E+00  0.000E+00
  -7.755  0.000E+00  0.000E+00  0.000E+00  0.000E+00  0.000E+00  0.000E+00
  -7.705  0.000E+00  0.000E+00  0.000E+00  0.000E+00  0.000E+00  0.000E+00
  -7.655  0.000E+00  0.000E+00  0.000E+00  0.000E+00  0.000E+00  0.000E+00
  -7.605  0.000E+00  0.000E+00  0.000E+00  0.000E+00  0.000E+00  0.000E+00
  -7.555  0.000E+00  0.000E+00  0.000E+00  0.000E+00  0.000E+00  0.000E+00
  -7.505  0.000E+00  0.000E+00  0.000E+00  0.000E+00  0.000E+00  0.000E+00
  -7.455  0.000E+00  0.000E+00  0.000E+00  0.000E+00  0.000E+00  0.000E+00
  -7.405  0.000E+00  0.000E+00  0.000E+00  0.000E+00  0.000E+00  0.000E+00
  -7.355  0.000E+00  0.000E+00  0.000E+00  0.000E+00  0.000E+00  0.000E+00
  -7.305  0.000E+00  0.000E+00  0.000E+00  0.000E+00  0.000E+00  0.000E+00
  -7.255  0.000E+00  0.000E+00  0.000E+00  0.000E+00  0.000E+00  0.000E+00
  -7.205  0.000E+00  0.000E+00  0.000E+00  0.000E+00  0.000E+00  0.000E+00
  -7.155  0.000E+00  0.000E+00  0.000E+00  0.000E+00  0.000E+00  0.000E+00
  -7.105  0.000E+00  0.000E+00  0.000E+00  0.000E+00  0.000E+00  0.000E+00
  -7.055  0.000E+00  0.000E+00  0.000E+00  0.000E+00  0.000E+00  0.000E+00
  -7.005  0.000E+00  0.000E+00  0.000E+00  0.000E+00  0.000E+00  0.000E+00
  -6.955  0.000E+00  0.000E+00  0.000E+00  0.000E+00  0.000E+00  0.000E+00
  -6.905  0.000E+00  0.000E+00  0.000E+00  0.000E+00  0.000E+00  0.000E+00
  -6.855  0.000E+00  0.000E+00  0.000E+00  0.000E+00  0.000E+00  0.000E+00
  -6.805  0.000E+00  0.000E+00  0.000E+00  0.000E+00  0.000E+00  0.000E+00
  -6.755  0.000E+00  0.000E+00  0.000E+00  0.000E+00  0.000E+00  0.000E+00
  -6.705  0.000E+00  0.000E+00  0.000E+00  0.000E+00  0.000E+00  0.000E+00
  -6.655  0.000E+00  0.000E+00  0.000E+00  0.000E+00  0.000E+00  0.000E+00
  -6.605  0.000E+00  0.000E+00  0.000E+00  0.000E+00  0.000E+00  0.000E+00
  -6.555  0.000E+00  0.000E+00  0.000E+00  0.000E+00  0.000E+00  0.000E+00
  -6.505  0.000E+00  0.000E+00  0.000E+00  0.000E+00  0.000E+00  0.000E+00
  -6.455  0.000E+00  0.000E+00  0.000E+00  0.000E+00  0.000E+00  0.000E+00
  -6.405  0.000E+00  0.000E+00  0.000E+00  0.000E+00  0.000E+00  0.000E+00
  -6.355  0.000E+00  0.000E+00  0.000E+00  0.000E+00  0.000E+00  0.000E+00
  -6.305  0.000E+00  0.000E+00  0.000E+00  0.000E+00  0.000E+00  0.000E+00
  -6.255  0.000E+00  0.000E+00  0.000E+00  0.000E+00  0.000E+00  0.000E+00
  -6.205  0.000E+00  0.000E+00  0.000E+00  0.000E+00  0.000E+00  0.000E+00
  -6.155  0.000E+00  0.000E+00  0.000E+00  0.000E+00  0.000E+00  0.000E+00
  -6.105  0.000E+00  0.000E+00  0.000E+00  0.000E+00  0.000E+00  0.000E+00
  -6.055  0.000E+00  0.000E+00  0.000E+00  0.000E+00  0.000E+00  0.000E+00
  -6.005  0.000E+00  0.000E+00  0.000E+00  0.000E+00  0.000E+00  0.000E+00
  -5.955  0.000E+00  0.000E+00  0.000E+00  0.000E+00  0.000E+00  0.000E+00
  -5.905  0.000E+00  0.000E+00  0.000E+00  0.000E+00  0.000E+00  0.000E+00
  -5.855  0.000E+00  0.000E+00  0.000E+00  0.000E+00  0.000E+00  0.000E+00
  -5.805  0.163E-11  0.163E-11  0.216E-16  0.216E-16  0.282E-17  0.282E-17
  -5.755  0.461E-10  0.461E-10  0.702E-15  0.702E-15  0.122E-15  0.122E-15
  -5.705  0.968E-09  0.968E-09  0.151E-13  0.151E-13  0.276E-14  0.276E-14
  -5.655  0.162E-07  0.162E-07  0.262E-12  0.262E-12  0.500E-13  0.500E-13
  -5.605  0.219E-06  0.219E-06  0.365E-11  0.365E-11  0.731E-12  0.731E-12
  -5.555  0.241E-05  0.241E-05  0.412E-10  0.412E-10  0.862E-11  0.862E-11
  -5.505  0.215E-04  0.215E-04  0.374E-09  0.374E-09  0.821E-10  0.821E-10
  -5.455  0.156E-03  0.156E-03  0.275E-08  0.275E-08  0.632E-09  0.632E-09
  -5.405  0.927E-03  0.927E-03  0.164E-07  0.164E-07  0.393E-08  0.393E-08
  -5.355  0.450E-02  0.450E-02  0.788E-07  0.788E-07  0.198E-07  0.198E-07
  -5.305  0.179E-01  0.179E-01  0.307E-06  0.307E-06  0.805E-07  0.805E-07
  -5.255  0.582E-01  0.582E-01  0.970E-06  0.970E-06  0.265E-06  0.265E-06
  -5.205  0.155E+00  0.155E+00  0.248E-05  0.248E-05  0.704E-06  0.704E-06
  -5.155  0.339E+00  0.339E+00  0.514E-05  0.514E-05  0.151E-05  0.151E-05
  -5.105  0.606E+00  0.606E+00  0.864E-05  0.864E-05  0.263E-05  0.263E-05
  -5.055  0.884E+00  0.884E+00  0.118E-04  0.118E-04  0.370E-05  0.370E-05
  -5.005  0.105E+01  0.105E+01  0.130E-04  0.130E-04  0.421E-05  0.421E-05
  -4.955  0.101E+01  0.101E+01  0.116E-04  0.116E-04  0.386E-05  0.386E-05
  -4.905  0.792E+00  0.792E+00  0.838E-05  0.838E-05  0.286E-05  0.286E-05
  -4.855  0.502E+00  0.501E+00  0.490E-05  0.490E-05  0.171E-05  0.171E-05
  -4.805  0.256E+00  0.256E+00  0.232E-05  0.232E-05  0.827E-06  0.827E-06
  -4.755  0.106E+00  0.106E+00  0.884E-06  0.884E-06  0.322E-06  0.322E-06
  -4.705  0.351E-01  0.351E-01  0.273E-06  0.273E-06  0.101E-06  0.101E-06
  -4.655  0.938E-02  0.938E-02  0.678E-07  0.678E-07  0.255E-07  0.255E-07
  -4.605  0.202E-02  0.202E-02  0.136E-07  0.136E-07  0.518E-08  0.518E-08
  -4.555  0.348E-03  0.348E-03  0.220E-08  0.220E-08  0.848E-09  0.848E-09
  -4.505  0.482E-04  0.482E-04  0.286E-09  0.286E-09  0.112E-09  0.112E-09
  -4.455  0.536E-05  0.536E-05  0.304E-10  0.304E-10  0.118E-10  0.118E-10
  -4.405  0.487E-06  0.487E-06  0.103E-10  0.103E-10  0.125E-11  0.125E-11
  -4.355  0.113E-06  0.113E-06  0.874E-10  0.874E-10  0.287E-11  0.287E-11
  -4.305  0.549E-06  0.548E-06  0.779E-09  0.779E-09  0.251E-10  0.251E-10
  -4.255  0.309E-05  0.308E-05  0.557E-08  0.557E-08  0.180E-09  0.180E-09
  -4.205  0.143E-04  0.142E-04  0.320E-07  0.320E-07  0.104E-08  0.104E-08
  -4.155  0.541E-04  0.538E-04  0.148E-06  0.148E-06  0.491E-08  0.491E-08
  -4.105  0.169E-03  0.167E-03  0.551E-06  0.551E-06  0.189E-07  0.189E-07
  -4.055  0.432E-03  0.429E-03  0.168E-05  0.168E-05  0.611E-07  0.611E-07
  -4.005  0.916E-03  0.907E-03  0.424E-05  0.424E-05  0.170E-06  0.170E-06
  -3.955  0.161E-02  0.159E-02  0.914E-05  0.914E-05  0.421E-06  0.421E-06
  -3.905  0.237E-02  0.233E-02  0.174E-04  0.174E-04  0.948E-06  0.948E-06
  -3.855  0.299E-02  0.293E-02  0.300E-04  0.300E-04  0.194E-05  0.194E-05
  -3.805  0.335E-02  0.325E-02  0.478E-04  0.478E-04  0.355E-05  0.355E-05
  -3.755  0.345E-02  0.330E-02  0.692E-04  0.692E-04  0.570E-05  0.570E-05
  -3.705  0.334E-02  0.315E-02  0.902E-04  0.902E-04  0.812E-05  0.812E-05
  -3.655  0.305E-02  0.281E-02  0.108E-03  0.108E-03  0.108E-04  0.108E-04
  -3.605  0.260E-02  0.232E-02  0.125E-03  0.125E-03  0.147E-04  0.147E-04
  -3.555  0.216E-02  0.181E-02  0.154E-03  0.154E-03  0.211E-04  0.211E-04
  -3.505  0.187E-02  0.142E-02  0.198E-03  0.198E-03  0.304E-04  0.304E-04
  -3.455  0.176E-02  0.118E-02  0.249E-03  0.249E-03  0.403E-04  0.403E-04
  -3.405  0.168E-02  0.101E-02  0.286E-03  0.286E-03  0.477E-04  0.477E-04
  -3.355  0.152E-02  0.819E-03  0.298E-03  0.298E-03  0.511E-04  0.511E-04
  -3.305  0.129E-02  0.596E-03  0.294E-03  0.294E-03  0.535E-04  0.535E-04
  -3.255  0.113E-02  0.402E-03  0.302E-03  0.302E-03  0.614E-04  0.614E-04
  -3.205  0.116E-02  0.292E-03  0.354E-03  0.354E-03  0.814E-04  0.814E-04
  -3.155  0.144E-02  0.290E-03  0.459E-03  0.459E-03  0.114E-03  0.114E-03
  -3.105  0.186E-02  0.398E-03  0.583E-03  0.583E-03  0.149E-03  0.149E-03
  -3.055  0.233E-02  0.652E-03  0.668E-03  0.668E-03  0.172E-03  0.172E-03
  -3.005  0.292E-02  0.122E-02  0.677E-03  0.677E-03  0.175E-03  0.175E-03
  -2.955  0.419E-02  0.258E-02  0.637E-03  0.637E-03  0.166E-03  0.166E-03
  -2.905  0.745E-02  0.589E-02  0.614E-03  0.614E-03  0.169E-03  0.169E-03
  -2.855  0.154E-01  0.137E-01  0.660E-03  0.660E-03  0.201E-03  0.201E-03
  -2.805  0.334E-01  0.313E-01  0.779E-03  0.779E-03  0.262E-03  0.262E-03
  -2.755  0.706E-01  0.681E-01  0.929E-03  0.929E-03  0.336E-03  0.336E-03
  -2.705  0.139E+00  0.136E+00  0.104E-02  0.104E-02  0.394E-03  0.394E-03
  -2.655  0.245E+00  0.242E+00  0.108E-02  0.108E-02  0.417E-03  0.417E-03
  -2.605  0.375E+00  0.372E+00  0.104E-02  0.104E-02  0.403E-03  0.403E-03
  -2.555  0.491E+00  0.488E+00  0.100E-02  0.100E-02  0.370E-03  0.370E-03
  -2.505  0.548E+00  0.545E+00  0.105E-02  0.105E-02  0.343E-03  0.343E-03
  -2.455  0.528E+00  0.525E+00  0.121E-02  0.121E-02  0.338E-03  0.338E-03
  -2.405  0.456E+00  0.452E+00  0.143E-02  0.143E-02  0.358E-03  0.358E-03
  -2.355  0.371E+00  0.367E+00  0.165E-02  0.165E-02  0.403E-03  0.403E-03
  -2.305  0.305E+00  0.300E+00  0.193E-02  0.193E-02  0.490E-03  0.490E-03
  -2.255  0.261E+00  0.255E+00  0.236E-02  0.236E-02  0.656E-03  0.656E-03
  -2.205  0.232E+00  0.224E+00  0.303E-02  0.303E-02  0.919E-03  0.919E-03
  -2.155  0.209E+00  0.199E+00  0.382E-02  0.382E-02  0.123E-02  0.123E-02
  -2.105  0.188E+00  0.176E+00  0.460E-02  0.460E-02  0.149E-02  0.149E-02
  -2.055  0.170E+00  0.155E+00  0.579E-02  0.579E-02  0.162E-02  0.162E-02
  -2.005  0.156E+00  0.134E+00  0.961E-02  0.961E-02  0.168E-02  0.168E-02
  -1.955  0.161E+00  0.113E+00  0.224E-01  0.224E-01  0.179E-02  0.179E-02
  -1.905  0.214E+00  0.962E-01  0.570E-01  0.570E-01  0.213E-02  0.213E-02
  -1.855  0.356E+00  0.881E-01  0.131E+00  0.131E+00  0.277E-02  0.277E-02
  -1.805  0.608E+00  0.904E-01  0.255E+00  0.255E+00  0.364E-02  0.364E-02
  -1.755  0.928E+00  0.991E-01  0.410E+00  0.410E+00  0.453E-02  0.453E-02
  -1.705  0.120E+01  0.108E+00  0.539E+00  0.539E+00  0.519E-02  0.519E-02
  -1.655  0.128E+01  0.113E+00  0.580E+00  0.580E+00  0.554E-02  0.554E-02
  -1.605  0.115E+01  0.115E+00  0.509E+00  0.509E+00  0.582E-02  0.582E-02
  -1.555  0.864E+00  0.117E+00  0.367E+00  0.367E+00  0.649E-02  0.649E-02
  -1.505  0.577E+00  0.121E+00  0.220E+00  0.220E+00  0.797E-02  0.797E-02
  -1.455  0.375E+00  0.126E+00  0.114E+00  0.114E+00  0.104E-01  0.104E-01
  -1.405  0.270E+00  0.128E+00  0.571E-01  0.571E-01  0.138E-01  0.138E-01
  -1.355  0.228E+00  0.124E+00  0.341E-01  0.341E-01  0.182E-01  0.182E-01
  -1.305  0.219E+00  0.116E+00  0.277E-01  0.277E-01  0.237E-01  0.237E-01
  -1.255  0.227E+00  0.112E+00  0.276E-01  0.276E-01  0.299E-01  0.299E-01
  -1.205  0.243E+00  0.113E+00  0.293E-01  0.293E-01  0.356E-01  0.356E-01
  -1.155  0.260E+00  0.118E+00  0.313E-01  0.313E-01  0.398E-01  0.398E-01
  -1.105  0.274E+00  0.120E+00  0.338E-01  0.338E-01  0.431E-01  0.431E-01
  -1.055  0.289E+00  0.118E+00  0.383E-01  0.383E-01  0.473E-01  0.473E-01
  -1.005  0.313E+00  0.115E+00  0.454E-01  0.454E-01  0.533E-01  0.533E-01
  -0.955  0.343E+00  0.116E+00  0.541E-01  0.541E-01  0.595E-01  0.595E-01
  -0.905  0.370E+00  0.121E+00  0.614E-01  0.614E-01  0.630E-01  0.630E-01
  -0.855  0.380E+00  0.126E+00  0.649E-01  0.649E-01  0.621E-01  0.621E-01
  -0.805  0.370E+00  0.124E+00  0.646E-01  0.646E-01  0.584E-01  0.584E-01
  -0.755  0.355E+00  0.116E+00  0.632E-01  0.632E-01  0.560E-01  0.560E-01
  -0.705  0.358E+00  0.109E+00  0.638E-01  0.638E-01  0.608E-01  0.608E-01
  -0.655  0.407E+00  0.110E+00  0.684E-01  0.684E-01  0.800E-01  0.800E-01
  -0.605  0.522E+00  0.127E+00  0.768E-01  0.768E-01  0.121E+00  0.121E+00
  -0.555  0.704E+00  0.155E+00  0.875E-01  0.875E-01  0.187E+00  0.187E+00
  -0.505  0.928E+00  0.190E+00  0.989E-01  0.989E-01  0.270E+00  0.270E+00
  -0.455  0.115E+01  0.224E+00  0.109E+00  0.109E+00  0.352E+00  0.352E+00
  -0.405  0.130E+01  0.249E+00  0.119E+00  0.119E+00  0.408E+00  0.408E+00
  -0.355  0.137E+01  0.257E+00  0.126E+00  0.126E+00  0.428E+00  0.428E+00
  -0.305  0.135E+01  0.249E+00  0.131E+00  0.131E+00  0.418E+00  0.418E+00
  -0.255  0.129E+01  0.230E+00  0.135E+00  0.135E+00  0.395E+00  0.395E+00
  -0.205  0.123E+01  0.210E+00  0.136E+00  0.136E+00  0.372E+00  0.372E+00
  -0.155  0.118E+01  0.196E+00  0.138E+00  0.138E+00  0.354E+00  0.354E+00
  -0.105  0.114E+01  0.184E+00  0.140E+00  0.140E+00  0.340E+00  0.340E+00
  -0.055  0.112E+01  0.171E+00  0.143E+00  0.143E+00  0.330E+00  0.330E+00
  -0.005  0.109E+01  0.156E+00  0.145E+00  0.145E+00  0.323E+00  0.323E+00
   0.045  0.106E+01  0.139E+00  0.146E+00  0.146E+00  0.315E+00  0.315E+00
   0.095  0.101E+01  0.121E+00  0.144E+00  0.144E+00  0.300E+00  0.300E+00
   0.145  0.945E+00  0.103E+00  0.142E+00  0.142E+00  0.279E+00  0.279E+00
   0.195  0.892E+00  0.861E-01  0.146E+00  0.146E+00  0.257E+00  0.257E+00
   0.245  0.889E+00  0.716E-01  0.164E+00  0.164E+00  0.244E+00  0.244E+00
   0.295  0.961E+00  0.608E-01  0.206E+00  0.206E+00  0.244E+00  0.244E+00
   0.345  0.111E+01  0.533E-01  0.275E+00  0.275E+00  0.253E+00  0.253E+00
   0.395  0.131E+01  0.493E-01  0.365E+00  0.365E+00  0.264E+00  0.264E+00
   0.445  0.151E+01  0.498E-01  0.455E+00  0.455E+00  0.276E+00  0.276E+00
   0.495  0.168E+01  0.555E-01  0.520E+00  0.520E+00  0.290E+00  0.290E+00
   0.545  0.177E+01  0.653E-01  0.543E+00  0.543E+00  0.309E+00  0.309E+00
   0.595  0.179E+01  0.770E-01  0.525E+00  0.525E+00  0.331E+00  0.331E+00
   0.645  0.176E+01  0.890E-01  0.486E+00  0.486E+00  0.349E+00  0.349E+00
   0.695  0.171E+01  0.101E+00  0.448E+00  0.448E+00  0.355E+00  0.355E+00
   0.745  0.165E+01  0.111E+00  0.422E+00  0.422E+00  0.348E+00  0.348E+00
   0.795  0.161E+01  0.118E+00  0.410E+00  0.410E+00  0.336E+00  0.336E+00
   0.845  0.159E+01  0.120E+00  0.404E+00  0.404E+00  0.330E+00  0.330E+00
   0.895  0.160E+01  0.121E+00  0.403E+00  0.403E+00  0.339E+00  0.339E+00
   0.945  0.165E+01  0.121E+00  0.405E+00  0.405E+00  0.360E+00  0.360E+00
   0.995  0.170E+01  0.121E+00  0.413E+00  0.413E+00  0.376E+00  0.376E+00
   1.045  0.171E+01  0.120E+00  0.425E+00  0.425E+00  0.370E+00  0.370E+00
   1.095  0.169E+01  0.117E+00  0.443E+00  0.443E+00  0.342E+00  0.342E+00
   1.145  0.170E+01  0.114E+00  0.479E+00  0.479E+00  0.312E+00  0.312E+00
   1.195  0.182E+01  0.115E+00  0.540E+00  0.540E+00  0.310E+00  0.310E+00
   1.245  0.206E+01  0.124E+00  0.614E+00  0.614E+00  0.353E+00  0.353E+00
   1.295  0.236E+01  0.141E+00  0.674E+00  0.674E+00  0.433E+00  0.433E+00
   1.345  0.262E+01  0.165E+00  0.697E+00  0.697E+00  0.532E+00  0.532E+00
   1.395  0.280E+01  0.193E+00  0.680E+00  0.680E+00  0.625E+00  0.625E+00
   1.445  0.291E+01  0.219E+00  0.644E+00  0.644E+00  0.700E+00  0.700E+00
   1.495  0.297E+01  0.240E+00  0.612E+00  0.612E+00  0.751E+00  0.751E+00
   1.545  0.301E+01  0.252E+00  0.599E+00  0.599E+00  0.779E+00  0.779E+00
   1.595  0.304E+01  0.252E+00  0.608E+00  0.608E+00  0.787E+00  0.787E+00
   1.645  0.306E+01  0.241E+00  0.630E+00  0.630E+00  0.782E+00  0.782E+00
   1.695  0.307E+01  0.224E+00  0.657E+00  0.657E+00  0.764E+00  0.764E+00
   1.745  0.304E+01  0.211E+00  0.682E+00  0.682E+00  0.732E+00  0.732E+00
   1.795  0.295E+01  0.206E+00  0.691E+00  0.691E+00  0.680E+00  0.680E+00
   1.845  0.277E+01  0.208E+00  0.679E+00  0.679E+00  0.600E+00  0.600E+00
   1.895  0.251E+01  0.215E+00  0.647E+00  0.647E+00  0.503E+00  0.503E+00
   1.945  0.225E+01  0.220E+00  0.606E+00  0.606E+00  0.407E+00  0.407E+00
   1.995  0.201E+01  0.222E+00  0.562E+00  0.562E+00  0.333E+00  0.333E+00
   2.045  0.182E+01  0.216E+00  0.515E+00  0.515E+00  0.288E+00  0.288E+00
   2.095  0.167E+01  0.203E+00  0.464E+00  0.464E+00  0.269E+00  0.269E+00
   2.145  0.155E+01  0.186E+00  0.415E+00  0.415E+00  0.268E+00  0.268E+00
   2.195  0.148E+01  0.172E+00  0.376E+00  0.376E+00  0.277E+00  0.277E+00
   2.245  0.146E+01  0.163E+00  0.356E+00  0.356E+00  0.292E+00  0.292E+00
   2.295  0.147E+01  0.157E+00  0.350E+00  0.350E+00  0.305E+00  0.305E+00
   2.345  0.144E+01  0.149E+00  0.343E+00  0.343E+00  0.305E+00  0.305E+00
   2.395  0.136E+01  0.139E+00  0.321E+00  0.321E+00  0.289E+00  0.289E+00
   2.445  0.121E+01  0.128E+00  0.283E+00  0.283E+00  0.258E+00  0.258E+00
   2.495  0.105E+01  0.120E+00  0.240E+00  0.240E+00  0.223E+00  0.223E+00
   2.545  0.913E+00  0.115E+00  0.203E+00  0.203E+00  0.196E+00  0.196E+00
   2.595  0.843E+00  0.113E+00  0.184E+00  0.184E+00  0.181E+00  0.181E+00
   2.645  0.838E+00  0.110E+00  0.186E+00  0.186E+00  0.178E+00  0.178E+00
   2.695  0.881E+00  0.104E+00  0.208E+00  0.208E+00  0.181E+00  0.181E+00
   2.745  0.942E+00  0.953E-01  0.241E+00  0.241E+00  0.182E+00  0.182E+00
   2.795  0.992E+00  0.839E-01  0.273E+00  0.273E+00  0.180E+00  0.180E+00
   2.845  0.101E+01  0.727E-01  0.294E+00  0.294E+00  0.175E+00  0.175E+00
   2.895  0.997E+00  0.640E-01  0.299E+00  0.299E+00  0.168E+00  0.168E+00
   2.945  0.966E+00  0.584E-01  0.293E+00  0.293E+00  0.161E+00  0.161E+00
   2.995  0.932E+00  0.554E-01  0.281E+00  0.281E+00  0.157E+00  0.157E+00
   3.045  0.906E+00  0.544E-01  0.268E+00  0.268E+00  0.158E+00  0.158E+00
   3.095  0.890E+00  0.548E-01  0.253E+00  0.253E+00  0.164E+00  0.164E+00
   3.145  0.881E+00  0.560E-01  0.237E+00  0.237E+00  0.176E+00  0.176E+00
   3.195  0.874E+00  0.571E-01  0.219E+00  0.219E+00  0.189E+00  0.189E+00
   3.245  0.862E+00  0.571E-01  0.202E+00  0.202E+00  0.200E+00  0.200E+00
   3.295  0.844E+00  0.562E-01  0.187E+00  0.187E+00  0.207E+00  0.207E+00
   3.345  0.819E+00  0.558E-01  0.173E+00  0.173E+00  0.209E+00  0.209E+00
   3.395  0.791E+00  0.569E-01  0.159E+00  0.159E+00  0.208E+00  0.208E+00
   3.445  0.765E+00  0.592E-01  0.146E+00  0.146E+00  0.207E+00  0.207E+00
   3.495  0.748E+00  0.609E-01  0.133E+00  0.133E+00  0.211E+00  0.211E+00
   3.545  0.746E+00  0.604E-01  0.122E+00  0.122E+00  0.221E+00  0.221E+00
   3.595  0.755E+00  0.568E-01  0.115E+00  0.115E+00  0.234E+00  0.234E+00
   3.645  0.763E+00  0.513E-01  0.111E+00  0.111E+00  0.245E+00  0.245E+00
   3.695  0.766E+00  0.465E-01  0.110E+00  0.110E+00  0.250E+00  0.250E+00
   3.745  0.773E+00  0.454E-01  0.109E+00  0.109E+00  0.254E+00  0.254E+00
   3.795  0.799E+00  0.503E-01  0.109E+00  0.109E+00  0.265E+00  0.265E+00
   3.845  0.847E+00  0.606E-01  0.107E+00  0.107E+00  0.286E+00  0.286E+00
   3.895  0.902E+00  0.733E-01  0.105E+00  0.105E+00  0.310E+00  0.310E+00
   3.945  0.939E+00  0.845E-01  0.105E+00  0.105E+00  0.322E+00  0.322E+00
   3.995  0.939E+00  0.915E-01  0.108E+00  0.108E+00  0.315E+00  0.315E+00
   4.045  0.905E+00  0.938E-01  0.112E+00  0.112E+00  0.293E+00  0.293E+00
   4.095  0.845E+00  0.918E-01  0.112E+00  0.112E+00  0.264E+00  0.264E+00
   4.145  0.766E+00  0.861E-01  0.107E+00  0.107E+00  0.233E+00  0.233E+00
   4.195  0.676E+00  0.785E-01  0.981E-01  0.981E-01  0.201E+00  0.201E+00
   4.245  0.582E+00  0.714E-01  0.871E-01  0.871E-01  0.168E+00  0.168E+00
   4.295  0.496E+00  0.668E-01  0.749E-01  0.749E-01  0.139E+00  0.139E+00
   4.345  0.426E+00  0.652E-01  0.630E-01  0.630E-01  0.117E+00  0.117E+00
   4.395  0.382E+00  0.662E-01  0.538E-01  0.538E-01  0.104E+00  0.104E+00
   4.445  0.374E+00  0.699E-01  0.501E-01  0.501E-01  0.102E+00  0.102E+00
   4.495  0.400E+00  0.754E-01  0.527E-01  0.527E-01  0.110E+00  0.110E+00
   4.545  0.441E+00  0.813E-01  0.588E-01  0.588E-01  0.121E+00  0.121E+00
   4.595  0.468E+00  0.848E-01  0.637E-01  0.637E-01  0.128E+00  0.128E+00
   4.645  0.464E+00  0.845E-01  0.632E-01  0.632E-01  0.127E+00  0.127E+00
   4.695  0.440E+00  0.817E-01  0.573E-01  0.573E-01  0.122E+00  0.122E+00
   4.745  0.421E+00  0.797E-01  0.494E-01  0.494E-01  0.121E+00  0.121E+00
   4.795  0.425E+00  0.825E-01  0.437E-01  0.437E-01  0.127E+00  0.127E+00
   4.845  0.455E+00  0.926E-01  0.418E-01  0.418E-01  0.139E+00  0.139E+00
   4.895  0.504E+00  0.110E+00  0.428E-01  0.428E-01  0.154E+00  0.154E+00
   4.945  0.562E+00  0.131E+00  0.445E-01  0.445E-01  0.171E+00  0.171E+00
   4.995  0.623E+00  0.150E+00  0.453E-01  0.453E-01  0.191E+00  0.191E+00
   5.045  0.681E+00  0.165E+00  0.447E-01  0.447E-01  0.213E+00  0.213E+00
   5.095  0.731E+00  0.175E+00  0.433E-01  0.433E-01  0.234E+00  0.234E+00
   5.145  0.766E+00  0.183E+00  0.414E-01  0.414E-01  0.250E+00  0.250E+00
   5.195  0.782E+00  0.192E+00  0.386E-01  0.386E-01  0.257E+00  0.257E+00
   5.245  0.781E+00  0.201E+00  0.347E-01  0.347E-01  0.256E+00  0.256E+00
   5.295  0.766E+00  0.204E+00  0.301E-01  0.301E-01  0.251E+00  0.251E+00
   5.345  0.735E+00  0.197E+00  0.257E-01  0.257E-01  0.243E+00  0.243E+00
   5.395  0.683E+00  0.180E+00  0.222E-01  0.222E-01  0.229E+00  0.229E+00
   5.445  0.606E+00  0.159E+00  0.195E-01  0.195E-01  0.204E+00  0.204E+00
   5.495  0.513E+00  0.140E+00  0.170E-01  0.170E-01  0.170E+00  0.170E+00
   5.545  0.418E+00  0.127E+00  0.141E-01  0.141E-01  0.132E+00  0.132E+00
   5.595  0.341E+00  0.120E+00  0.111E-01  0.111E-01  0.995E-01  0.995E-01
   5.645  0.297E+00  0.123E+00  0.883E-02  0.883E-02  0.781E-01  0.781E-01
   5.695  0.291E+00  0.140E+00  0.797E-02  0.797E-02  0.673E-01  0.673E-01
   5.745  0.318E+00  0.175E+00  0.900E-02  0.900E-02  0.628E-01  0.628E-01
   5.795  0.366E+00  0.223E+00  0.120E-01  0.120E-01  0.592E-01  0.592E-01
   5.845  0.417E+00  0.276E+00  0.162E-01  0.162E-01  0.542E-01  0.542E-01
   5.895  0.451E+00  0.315E+00  0.202E-01  0.202E-01  0.479E-01  0.479E-01
   5.945  0.453E+00  0.325E+00  0.223E-01  0.223E-01  0.414E-01  0.414E-01
   5.995  0.415E+00  0.301E+00  0.213E-01  0.213E-01  0.357E-01  0.357E-01
   6.045  0.351E+00  0.252E+00  0.176E-01  0.176E-01  0.318E-01  0.318E-01
   6.095  0.280E+00  0.195E+00  0.128E-01  0.128E-01  0.301E-01  0.301E-01
   6.145  0.218E+00  0.141E+00  0.877E-02  0.877E-02  0.297E-01  0.297E-01
   6.195  0.170E+00  0.974E-01  0.645E-02  0.645E-02  0.297E-01  0.297E-01
   6.245  0.137E+00  0.654E-01  0.591E-02  0.591E-02  0.298E-01  0.298E-01
   6.295  0.120E+00  0.465E-01  0.645E-02  0.645E-02  0.304E-01  0.304E-01
   6.345  0.118E+00  0.401E-01  0.731E-02  0.731E-02  0.318E-01  0.318E-01
   6.395  0.127E+00  0.431E-01  0.805E-02  0.805E-02  0.337E-01  0.337E-01
   6.445  0.140E+00  0.511E-01  0.862E-02  0.862E-02  0.359E-01  0.359E-01
   6.495  0.157E+00  0.619E-01  0.923E-02  0.923E-02  0.384E-01  0.384E-01
   6.545  0.177E+00  0.754E-01  0.102E-01  0.102E-01  0.408E-01  0.408E-01
   6.595  0.197E+00  0.906E-01  0.117E-01  0.117E-01  0.415E-01  0.415E-01
   6.645  0.210E+00  0.103E+00  0.141E-01  0.141E-01  0.394E-01  0.394E-01
   6.695  0.214E+00  0.109E+00  0.174E-01  0.174E-01  0.353E-01  0.353E-01
   6.745  0.213E+00  0.107E+00  0.216E-01  0.216E-01  0.316E-01  0.316E-01
   6.795  0.219E+00  0.105E+00  0.266E-01  0.266E-01  0.305E-01  0.305E-01
   6.845  0.240E+00  0.113E+00  0.315E-01  0.315E-01  0.319E-01  0.319E-01
   6.895  0.270E+00  0.132E+00  0.354E-01  0.354E-01  0.337E-01  0.337E-01
   6.945  0.295E+00  0.153E+00  0.377E-01  0.377E-01  0.336E-01  0.336E-01
   6.995  0.302E+00  0.162E+00  0.393E-01  0.393E-01  0.310E-01  0.310E-01
   7.045  0.291E+00  0.153E+00  0.418E-01  0.418E-01  0.276E-01  0.276E-01
   7.095  0.271E+00  0.130E+00  0.451E-01  0.451E-01  0.255E-01  0.255E-01
   7.145  0.248E+00  0.103E+00  0.469E-01  0.469E-01  0.256E-01  0.256E-01
   7.195  0.220E+00  0.781E-01  0.450E-01  0.450E-01  0.261E-01  0.261E-01
   7.245  0.190E+00  0.598E-01  0.398E-01  0.398E-01  0.256E-01  0.256E-01
   7.295  0.164E+00  0.481E-01  0.337E-01  0.337E-01  0.241E-01  0.241E-01
   7.345  0.146E+00  0.411E-01  0.293E-01  0.293E-01  0.230E-01  0.230E-01
   7.395  0.135E+00  0.357E-01  0.270E-01  0.270E-01  0.226E-01  0.226E-01
   7.445  0.127E+00  0.306E-01  0.262E-01  0.262E-01  0.222E-01  0.222E-01
   7.495  0.123E+00  0.263E-01  0.273E-01  0.273E-01  0.212E-01  0.212E-01
   7.545  0.127E+00  0.241E-01  0.314E-01  0.314E-01  0.202E-01  0.202E-01
   7.595  0.144E+00  0.250E-01  0.395E-01  0.395E-01  0.202E-01  0.202E-01
   7.645  0.173E+00  0.293E-01  0.511E-01  0.511E-01  0.208E-01  0.208E-01
   7.695  0.207E+00  0.370E-01  0.643E-01  0.643E-01  0.209E-01  0.209E-01
   7.745  0.243E+00  0.480E-01  0.778E-01  0.778E-01  0.197E-01  0.197E-01
   7.795  0.279E+00  0.623E-01  0.910E-01  0.910E-01  0.175E-01  0.175E-01
   7.845  0.316E+00  0.791E-01  0.103E+00  0.103E+00  0.156E-01  0.156E-01
   7.895  0.348E+00  0.972E-01  0.111E+00  0.111E+00  0.142E-01  0.142E-01
   7.945  0.365E+00  0.114E+00  0.113E+00  0.113E+00  0.130E-01  0.130E-01
   7.995  0.361E+00  0.125E+00  0.106E+00  0.106E+00  0.116E-01  0.116E-01
   8.045  0.334E+00  0.127E+00  0.936E-01  0.936E-01  0.982E-02  0.982E-02
   8.095  0.291E+00  0.119E+00  0.782E-01  0.782E-01  0.777E-02  0.777E-02
   8.145  0.243E+00  0.106E+00  0.629E-01  0.629E-01  0.576E-02  0.576E-02
   8.195  0.202E+00  0.940E-01  0.500E-01  0.500E-01  0.405E-02  0.405E-02
   8.245  0.176E+00  0.874E-01  0.413E-01  0.413E-01  0.290E-02  0.290E-02
   8.295  0.168E+00  0.854E-01  0.388E-01  0.388E-01  0.249E-02  0.249E-02
   8.345  0.178E+00  0.847E-01  0.439E-01  0.439E-01  0.292E-02  0.292E-02
   8.395  0.206E+00  0.836E-01  0.569E-01  0.569E-01  0.409E-02  0.409E-02
   8.445  0.252E+00  0.834E-01  0.784E-01  0.784E-01  0.573E-02  0.573E-02
   8.495  0.316E+00  0.851E-01  0.108E+00  0.108E+00  0.747E-02  0.747E-02
   8.545  0.386E+00  0.870E-01  0.140E+00  0.140E+00  0.899E-02  0.899E-02
   8.595  0.440E+00  0.860E-01  0.167E+00  0.167E+00  0.102E-01  0.102E-01
   8.645  0.459E+00  0.822E-01  0.177E+00  0.177E+00  0.112E-01  0.112E-01
   8.695  0.442E+00  0.790E-01  0.169E+00  0.169E+00  0.124E-01  0.124E-01
   8.745  0.404E+00  0.791E-01  0.148E+00  0.148E+00  0.141E-01  0.141E-01
   8.795  0.360E+00  0.817E-01  0.123E+00  0.123E+00  0.163E-01  0.163E-01
   8.845  0.321E+00  0.844E-01  0.100E+00  0.100E+00  0.184E-01  0.184E-01
   8.895  0.288E+00  0.849E-01  0.811E-01  0.811E-01  0.202E-01  0.202E-01
   8.945  0.258E+00  0.829E-01  0.657E-01  0.657E-01  0.216E-01  0.216E-01
   8.995  0.230E+00  0.789E-01  0.528E-01  0.528E-01  0.226E-01  0.226E-01
   9.045  0.203E+00  0.731E-01  0.419E-01  0.419E-01  0.229E-01  0.229E-01
   9.095  0.174E+00  0.654E-01  0.325E-01  0.325E-01  0.218E-01  0.218E-01
   9.145  0.143E+00  0.555E-01  0.245E-01  0.245E-01  0.191E-01  0.191E-01
   9.195  0.112E+00  0.445E-01  0.181E-01  0.181E-01  0.158E-01  0.158E-01
   9.245  0.879E-01  0.349E-01  0.137E-01  0.137E-01  0.128E-01  0.128E-01
   9.295  0.730E-01  0.280E-01  0.116E-01  0.116E-01  0.110E-01  0.110E-01
   9.345  0.658E-01  0.234E-01  0.112E-01  0.112E-01  0.100E-01  0.100E-01
   9.395  0.619E-01  0.197E-01  0.114E-01  0.114E-01  0.975E-02  0.975E-02
   9.445  0.576E-01  0.155E-01  0.111E-01  0.111E-01  0.991E-02  0.991E-02
   9.495  0.518E-01  0.110E-01  0.101E-01  0.101E-01  0.103E-01  0.103E-01
   9.545  0.458E-01  0.707E-02  0.876E-02  0.876E-02  0.106E-01  0.106E-01
   9.595  0.416E-01  0.458E-02  0.761E-02  0.761E-02  0.109E-01  0.109E-01
   9.645  0.397E-01  0.358E-02  0.694E-02  0.694E-02  0.111E-01  0.111E-01
   9.695  0.382E-01  0.342E-02  0.641E-02  0.641E-02  0.110E-01  0.110E-01
   9.745  0.341E-01  0.325E-02  0.555E-02  0.555E-02  0.990E-02  0.990E-02
   9.795  0.269E-01  0.268E-02  0.423E-02  0.423E-02  0.787E-02  0.787E-02
   9.845  0.186E-01  0.187E-02  0.283E-02  0.283E-02  0.553E-02  0.553E-02
   9.895  0.124E-01  0.121E-02  0.183E-02  0.183E-02  0.376E-02  0.376E-02
   9.945  0.101E-01  0.950E-03  0.147E-02  0.147E-02  0.310E-02  0.310E-02
   9.995  0.116E-01  0.111E-02  0.171E-02  0.171E-02  0.354E-02  0.354E-02
  10.045  0.154E-01  0.148E-02  0.223E-02  0.223E-02  0.471E-02  0.471E-02
  10.095  0.188E-01  0.178E-02  0.264E-02  0.264E-02  0.589E-02  0.589E-02
  10.145  0.197E-01  0.178E-02  0.264E-02  0.264E-02  0.632E-02  0.632E-02
  10.195  0.172E-01  0.146E-02  0.221E-02  0.221E-02  0.565E-02  0.565E-02
  10.245  0.126E-01  0.988E-03  0.162E-02  0.162E-02  0.418E-02  0.418E-02
  10.295  0.813E-02  0.552E-03  0.116E-02  0.116E-02  0.263E-02  0.263E-02
  10.345  0.520E-02  0.261E-03  0.943E-03  0.943E-03  0.153E-02  0.153E-02
  10.395  0.383E-02  0.112E-03  0.885E-03  0.885E-03  0.972E-03  0.972E-03
  10.445  0.324E-02  0.481E-04  0.839E-03  0.839E-03  0.756E-03  0.756E-03
  10.495  0.276E-02  0.227E-04  0.724E-03  0.724E-03  0.647E-03  0.647E-03
  10.545  0.214E-02  0.111E-04  0.544E-03  0.544E-03  0.522E-03  0.522E-03
  10.595  0.144E-02  0.502E-05  0.351E-03  0.351E-03  0.364E-03  0.364E-03
  10.645  0.813E-03  0.194E-05  0.192E-03  0.192E-03  0.213E-03  0.213E-03
  10.695  0.382E-03  0.626E-06  0.881E-04  0.881E-04  0.103E-03  0.103E-03
  10.745  0.148E-03  0.169E-06  0.334E-04  0.334E-04  0.403E-04  0.403E-04
  10.795  0.464E-04  0.381E-07  0.104E-04  0.104E-04  0.128E-04  0.128E-04
  10.845  0.118E-04  0.733E-08  0.262E-05  0.262E-05  0.327E-05  0.327E-05
  10.895  0.241E-05  0.120E-08  0.534E-06  0.534E-06  0.673E-06  0.673E-06
  10.945  0.397E-06  0.167E-09  0.876E-07  0.876E-07  0.111E-06  0.111E-06
  10.995  0.524E-07  0.196E-10  0.115E-07  0.115E-07  0.147E-07  0.147E-07
