# E (eV)   ldos(E)   pdos(E)   
  -5.086  0.293E-06  0.293E-06
  -5.036  0.207E-05  0.207E-05
  -4.986  0.119E-04  0.119E-04
  -4.936  0.561E-04  0.561E-04
  -4.886  0.217E-03  0.217E-03
  -4.836  0.694E-03  0.694E-03
  -4.786  0.183E-02  0.183E-02
  -4.736  0.401E-02  0.401E-02
  -4.686  0.729E-02  0.729E-02
  -4.636  0.111E-01  0.111E-01
  -4.586  0.146E-01  0.146E-01
  -4.536  0.169E-01  0.169E-01
  -4.486  0.182E-01  0.182E-01
  -4.436  0.189E-01  0.189E-01
  -4.386  0.186E-01  0.186E-01
  -4.336  0.173E-01  0.173E-01
  -4.286  0.153E-01  0.153E-01
  -4.236  0.140E-01  0.140E-01
  -4.186  0.142E-01  0.142E-01
  -4.136  0.153E-01  0.153E-01
  -4.086  0.158E-01  0.158E-01
  -4.036  0.148E-01  0.148E-01
  -3.986  0.127E-01  0.127E-01
  -3.936  0.105E-01  0.105E-01
  -3.886  0.939E-02  0.939E-02
  -3.836  0.994E-02  0.994E-02
  -3.786  0.117E-01  0.117E-01
  -3.736  0.135E-01  0.135E-01
  -3.686  0.138E-01  0.138E-01
  -3.636  0.123E-01  0.123E-01
  -3.586  0.101E-01  0.101E-01
  -3.536  0.866E-02  0.866E-02
  -3.486  0.895E-02  0.895E-02
  -3.436  0.115E-01  0.115E-01
  -3.386  0.164E-01  0.164E-01
  -3.336  0.230E-01  0.230E-01
  -3.286  0.297E-01  0.297E-01
  -3.236  0.348E-01  0.348E-01
  -3.186  0.375E-01  0.375E-01
  -3.136  0.383E-01  0.383E-01
  -3.086  0.377E-01  0.377E-01
  -3.036  0.361E-01  0.361E-01
  -2.986  0.343E-01  0.343E-01
  -2.936  0.341E-01  0.341E-01
  -2.886  0.363E-01  0.363E-01
  -2.836  0.396E-01  0.396E-01
  -2.786  0.410E-01  0.410E-01
  -2.736  0.391E-01  0.391E-01
  -2.686  0.350E-01  0.350E-01
  -2.636  0.312E-01  0.312E-01
  -2.586  0.301E-01  0.301E-01
  -2.536  0.323E-01  0.323E-01
  -2.486  0.366E-01  0.366E-01
  -2.436  0.402E-01  0.402E-01
  -2.386  0.409E-01  0.409E-01
  -2.336  0.396E-01  0.396E-01
  -2.286  0.397E-01  0.397E-01
  -2.236  0.444E-01  0.444E-01
  -2.186  0.541E-01  0.541E-01
  -2.136  0.665E-01  0.665E-01
  -2.086  0.781E-01  0.781E-01
  -2.036  0.869E-01  0.869E-01
  -1.986  0.925E-01  0.925E-01
  -1.936  0.953E-01  0.953E-01
  -1.886  0.959E-01  0.959E-01
  -1.836  0.958E-01  0.958E-01
  -1.786  0.970E-01  0.970E-01
  -1.736  0.101E+00  0.101E+00
  -1.686  0.106E+00  0.106E+00
  -1.636  0.110E+00  0.110E+00
  -1.586  0.111E+00  0.111E+00
  -1.536  0.107E+00  0.107E+00
  -1.486  0.101E+00  0.101E+00
  -1.436  0.956E-01  0.956E-01
  -1.386  0.944E-01  0.944E-01
  -1.336  0.967E-01  0.967E-01
  -1.286  0.991E-01  0.991E-01
  -1.236  0.998E-01  0.998E-01
  -1.186  0.101E+00  0.101E+00
  -1.136  0.108E+00  0.108E+00
  -1.086  0.122E+00  0.122E+00
  -1.036  0.140E+00  0.140E+00
  -0.986  0.159E+00  0.159E+00
  -0.936  0.170E+00  0.170E+00
  -0.886  0.173E+00  0.173E+00
  -0.836  0.170E+00  0.170E+00
  -0.786  0.165E+00  0.165E+00
  -0.736  0.163E+00  0.163E+00
  -0.686  0.161E+00  0.161E+00
  -0.636  0.156E+00  0.156E+00
  -0.586  0.146E+00  0.146E+00
  -0.536  0.132E+00  0.132E+00
  -0.486  0.114E+00  0.114E+00
  -0.436  0.944E-01  0.944E-01
  -0.386  0.760E-01  0.760E-01
  -0.336  0.608E-01  0.608E-01
  -0.286  0.506E-01  0.506E-01
  -0.236  0.447E-01  0.447E-01
  -0.186  0.410E-01  0.410E-01
  -0.136  0.380E-01  0.380E-01
  -0.086  0.355E-01  0.355E-01
  -0.036  0.336E-01  0.336E-01
   0.014  0.320E-01  0.320E-01
   0.064  0.299E-01  0.299E-01
   0.114  0.268E-01  0.268E-01
   0.164  0.237E-01  0.237E-01
   0.214  0.222E-01  0.222E-01
   0.264  0.234E-01  0.234E-01
   0.314  0.266E-01  0.266E-01
   0.364  0.297E-01  0.297E-01
   0.414  0.307E-01  0.307E-01
   0.464  0.286E-01  0.286E-01
   0.514  0.243E-01  0.243E-01
   0.564  0.195E-01  0.195E-01
   0.614  0.156E-01  0.156E-01
   0.664  0.132E-01  0.132E-01
   0.714  0.125E-01  0.125E-01
   0.764  0.135E-01  0.135E-01
   0.814  0.160E-01  0.160E-01
   0.864  0.201E-01  0.201E-01
   0.914  0.257E-01  0.257E-01
   0.964  0.324E-01  0.324E-01
   1.014  0.391E-01  0.391E-01
   1.064  0.446E-01  0.446E-01
   1.114  0.482E-01  0.482E-01
   1.164  0.500E-01  0.500E-01
   1.214  0.504E-01  0.504E-01
   1.264  0.499E-01  0.499E-01
   1.314  0.489E-01  0.489E-01
   1.364  0.477E-01  0.477E-01
   1.414  0.463E-01  0.463E-01
   1.464  0.443E-01  0.443E-01
   1.514  0.418E-01  0.418E-01
   1.564  0.392E-01  0.392E-01
   1.614  0.377E-01  0.377E-01
   1.664  0.379E-01  0.379E-01
   1.714  0.405E-01  0.405E-01
   1.764  0.454E-01  0.454E-01
   1.814  0.516E-01  0.516E-01
   1.864  0.575E-01  0.575E-01
   1.914  0.617E-01  0.617E-01
   1.964  0.641E-01  0.641E-01
   2.014  0.651E-01  0.651E-01
   2.064  0.648E-01  0.648E-01
   2.114  0.626E-01  0.626E-01
   2.164  0.576E-01  0.576E-01
   2.214  0.498E-01  0.498E-01
   2.264  0.416E-01  0.416E-01
   2.314  0.355E-01  0.355E-01
   2.364  0.328E-01  0.328E-01
   2.414  0.325E-01  0.325E-01
   2.464  0.330E-01  0.330E-01
   2.514  0.334E-01  0.334E-01
   2.564  0.336E-01  0.336E-01
   2.614  0.342E-01  0.342E-01
   2.664  0.353E-01  0.353E-01
   2.714  0.368E-01  0.368E-01
   2.764  0.378E-01  0.378E-01
   2.814  0.375E-01  0.375E-01
   2.864  0.359E-01  0.359E-01
   2.914  0.339E-01  0.339E-01
   2.964  0.322E-01  0.322E-01
   3.014  0.311E-01  0.311E-01
   3.064  0.303E-01  0.303E-01
   3.114  0.299E-01  0.299E-01
   3.164  0.308E-01  0.308E-01
   3.214  0.337E-01  0.337E-01
   3.264  0.386E-01  0.386E-01
   3.314  0.444E-01  0.444E-01
   3.364  0.490E-01  0.490E-01
   3.414  0.512E-01  0.512E-01
   3.464  0.512E-01  0.512E-01
   3.514  0.506E-01  0.506E-01
   3.564  0.499E-01  0.499E-01
   3.614  0.492E-01  0.492E-01
   3.664  0.479E-01  0.479E-01
   3.714  0.463E-01  0.463E-01
   3.764  0.443E-01  0.443E-01
   3.814  0.421E-01  0.421E-01
   3.864  0.401E-01  0.401E-01
   3.914  0.392E-01  0.392E-01
   3.964  0.391E-01  0.391E-01
   4.014  0.387E-01  0.387E-01
   4.064  0.373E-01  0.373E-01
   4.114  0.355E-01  0.355E-01
   4.164  0.348E-01  0.348E-01
   4.214  0.357E-01  0.357E-01
   4.264  0.373E-01  0.373E-01
   4.314  0.379E-01  0.379E-01
   4.364  0.367E-01  0.367E-01
   4.414  0.345E-01  0.345E-01
   4.464  0.325E-01  0.325E-01
   4.514  0.316E-01  0.316E-01
   4.564  0.318E-01  0.318E-01
   4.614  0.323E-01  0.323E-01
   4.664  0.326E-01  0.326E-01
   4.714  0.326E-01  0.326E-01
   4.764  0.325E-01  0.325E-01
   4.814  0.328E-01  0.328E-01
   4.864  0.331E-01  0.331E-01
   4.914  0.331E-01  0.331E-01
   4.964  0.324E-01  0.324E-01
   5.014  0.317E-01  0.317E-01
   5.064  0.323E-01  0.323E-01
   5.114  0.350E-01  0.350E-01
   5.164  0.391E-01  0.391E-01
   5.214  0.426E-01  0.426E-01
   5.264  0.441E-01  0.441E-01
   5.314  0.437E-01  0.437E-01
   5.364  0.425E-01  0.425E-01
   5.414  0.410E-01  0.410E-01
   5.464  0.397E-01  0.397E-01
   5.514  0.402E-01  0.402E-01
   5.564  0.436E-01  0.436E-01
   5.614  0.479E-01  0.479E-01
   5.664  0.498E-01  0.498E-01
   5.714  0.478E-01  0.478E-01
   5.764  0.445E-01  0.445E-01
   5.814  0.435E-01  0.435E-01
   5.864  0.466E-01  0.466E-01
   5.914  0.514E-01  0.514E-01
   5.964  0.542E-01  0.542E-01
   6.014  0.523E-01  0.523E-01
   6.064  0.464E-01  0.464E-01
   6.114  0.397E-01  0.397E-01
   6.164  0.358E-01  0.358E-01
   6.214  0.370E-01  0.370E-01
   6.264  0.433E-01  0.433E-01
   6.314  0.522E-01  0.522E-01
   6.364  0.601E-01  0.601E-01
   6.414  0.639E-01  0.639E-01
   6.464  0.625E-01  0.625E-01
   6.514  0.571E-01  0.571E-01
   6.564  0.504E-01  0.504E-01
   6.614  0.447E-01  0.447E-01
   6.664  0.406E-01  0.406E-01
   6.714  0.383E-01  0.383E-01
   6.764  0.393E-01  0.393E-01
   6.814  0.455E-01  0.455E-01
   6.864  0.561E-01  0.561E-01
   6.914  0.668E-01  0.668E-01
   6.964  0.719E-01  0.719E-01
   7.014  0.683E-01  0.683E-01
   7.064  0.580E-01  0.580E-01
   7.114  0.463E-01  0.463E-01
   7.164  0.379E-01  0.379E-01
   7.214  0.350E-01  0.350E-01
   7.264  0.371E-01  0.371E-01
   7.314  0.429E-01  0.429E-01
   7.364  0.517E-01  0.517E-01
   7.414  0.621E-01  0.621E-01
   7.464  0.712E-01  0.712E-01
   7.514  0.754E-01  0.754E-01
   7.564  0.723E-01  0.723E-01
   7.614  0.627E-01  0.627E-01
   7.664  0.513E-01  0.513E-01
   7.714  0.429E-01  0.429E-01
   7.764  0.396E-01  0.396E-01
   7.814  0.405E-01  0.405E-01
   7.864  0.431E-01  0.431E-01
   7.914  0.459E-01  0.459E-01
   7.964  0.490E-01  0.490E-01
   8.014  0.534E-01  0.534E-01
   8.064  0.595E-01  0.595E-01
   8.114  0.662E-01  0.662E-01
   8.164  0.708E-01  0.708E-01
   8.214  0.708E-01  0.708E-01
   8.264  0.669E-01  0.669E-01
   8.314  0.612E-01  0.612E-01
   8.364  0.562E-01  0.562E-01
   8.414  0.525E-01  0.525E-01
   8.464  0.499E-01  0.499E-01
   8.514  0.473E-01  0.473E-01
   8.564  0.437E-01  0.437E-01
   8.614  0.399E-01  0.399E-01
   8.664  0.389E-01  0.389E-01
   8.714  0.442E-01  0.442E-01
   8.764  0.560E-01  0.560E-01
   8.814  0.699E-01  0.699E-01
   8.864  0.792E-01  0.792E-01
   8.914  0.793E-01  0.793E-01
   8.964  0.703E-01  0.703E-01
   9.014  0.566E-01  0.566E-01
   9.064  0.436E-01  0.436E-01
   9.114  0.345E-01  0.345E-01
   9.164  0.296E-01  0.296E-01
   9.214  0.281E-01  0.281E-01
   9.264  0.290E-01  0.290E-01
   9.314  0.328E-01  0.328E-01
   9.364  0.398E-01  0.398E-01
   9.414  0.496E-01  0.496E-01
   9.464  0.606E-01  0.606E-01
   9.514  0.701E-01  0.701E-01
   9.564  0.759E-01  0.759E-01
   9.614  0.766E-01  0.766E-01
   9.664  0.719E-01  0.719E-01
   9.714  0.644E-01  0.644E-01
   9.764  0.594E-01  0.594E-01
   9.814  0.620E-01  0.620E-01
   9.864  0.709E-01  0.709E-01
   9.914  0.778E-01  0.778E-01
   9.964  0.741E-01  0.741E-01
  10.014  0.587E-01  0.587E-01
  10.064  0.381E-01  0.381E-01
  10.114  0.202E-01  0.202E-01
  10.164  0.872E-02  0.872E-02
  10.214  0.308E-02  0.308E-02
  10.264  0.889E-03  0.889E-03
  10.314  0.210E-03  0.210E-03
  10.364  0.408E-04  0.408E-04
  10.414  0.650E-05  0.650E-05
  10.464  0.850E-06  0.850E-06
  10.514  0.911E-07  0.911E-07
