# E (eV)   ldos(E)   pdos(E)    pdos(E)    pdos(E)   
 -19.205  0.143E-03  0.143E-03  0.189E-10  0.189E-10
 -19.155  0.954E-03  0.954E-03  0.126E-09  0.126E-09
 -19.105  0.509E-02  0.509E-02  0.675E-09  0.675E-09
 -19.055  0.218E-01  0.218E-01  0.288E-08  0.288E-08
 -19.005  0.743E-01  0.743E-01  0.984E-08  0.984E-08
 -18.955  0.203E+00  0.203E+00  0.269E-07  0.269E-07
 -18.905  0.444E+00  0.444E+00  0.587E-07  0.587E-07
 -18.855  0.777E+00  0.777E+00  0.103E-06  0.103E-06
 -18.805  0.109E+01  0.109E+01  0.144E-06  0.144E-06
 -18.755  0.122E+01  0.122E+01  0.161E-06  0.161E-06
 -18.705  0.109E+01  0.109E+01  0.144E-06  0.144E-06
 -18.655  0.780E+00  0.780E+00  0.103E-06  0.103E-06
 -18.605  0.447E+00  0.447E+00  0.589E-07  0.589E-07
 -18.555  0.205E+00  0.205E+00  0.270E-07  0.270E-07
 -18.505  0.751E-01  0.751E-01  0.989E-08  0.989E-08
 -18.455  0.220E-01  0.220E-01  0.290E-08  0.290E-08
 -18.405  0.516E-02  0.516E-02  0.680E-09  0.680E-09
 -18.355  0.969E-03  0.969E-03  0.128E-09  0.128E-09
 -18.305  0.145E-03  0.145E-03  0.191E-10  0.191E-10
 -18.255  0.175E-04  0.175E-04  0.230E-11  0.230E-11
 -18.205  0.168E-05  0.168E-05  0.220E-12  0.220E-12
 -18.155  0.129E-06  0.129E-06  0.169E-13  0.169E-13
 -18.105  0.792E-08  0.792E-08  0.104E-14  0.104E-14
 -18.055  0.389E-09  0.389E-09  0.511E-16  0.511E-16
 -18.005  0.153E-10  0.153E-10  0.201E-17  0.201E-17
 -17.955  0.000E+00  0.000E+00  0.000E+00  0.000E+00
 -17.905  0.000E+00  0.000E+00  0.000E+00  0.000E+00
 -17.855  0.000E+00  0.000E+00  0.000E+00  0.000E+00
 -17.805  0.000E+00  0.000E+00  0.000E+00  0.000E+00
 -17.755  0.000E+00  0.000E+00  0.000E+00  0.000E+00
 -17.705  0.000E+00  0.000E+00  0.000E+00  0.000E+00
 -17.655  0.000E+00  0.000E+00  0.000E+00  0.000E+00
 -17.605  0.000E+00  0.000E+00  0.000E+00  0.000E+00
 -17.555  0.000E+00  0.000E+00  0.000E+00  0.000E+00
 -17.505  0.000E+00  0.000E+00  0.000E+00  0.000E+00
 -17.455  0.000E+00  0.000E+00  0.000E+00  0.000E+00
 -17.405  0.000E+00  0.000E+00  0.000E+00  0.000E+00
 -17.355  0.000E+00  0.000E+00  0.000E+00  0.000E+00
 -17.305  0.000E+00  0.000E+00  0.000E+00  0.000E+00
 -17.255  0.000E+00  0.000E+00  0.000E+00  0.000E+00
 -17.205  0.000E+00  0.000E+00  0.000E+00  0.000E+00
 -17.155  0.000E+00  0.000E+00  0.000E+00  0.000E+00
 -17.105  0.000E+00  0.000E+00  0.000E+00  0.000E+00
 -17.055  0.000E+00  0.000E+00  0.000E+00  0.000E+00
 -17.005  0.000E+00  0.000E+00  0.000E+00  0.000E+00
 -16.955  0.000E+00  0.000E+00  0.000E+00  0.000E+00
 -16.905  0.000E+00  0.000E+00  0.000E+00  0.000E+00
 -16.855  0.000E+00  0.000E+00  0.000E+00  0.000E+00
 -16.805  0.000E+00  0.000E+00  0.000E+00  0.000E+00
 -16.755  0.000E+00  0.000E+00  0.000E+00  0.000E+00
 -16.705  0.000E+00  0.000E+00  0.000E+00  0.000E+00
 -16.655  0.000E+00  0.000E+00  0.000E+00  0.000E+00
 -16.605  0.000E+00  0.000E+00  0.000E+00  0.000E+00
 -16.555  0.000E+00  0.000E+00  0.000E+00  0.000E+00
 -16.505  0.000E+00  0.000E+00  0.000E+00  0.000E+00
 -16.455  0.000E+00  0.000E+00  0.000E+00  0.000E+00
 -16.405  0.000E+00  0.000E+00  0.000E+00  0.000E+00
 -16.355  0.000E+00  0.000E+00  0.000E+00  0.000E+00
 -16.305  0.000E+00  0.000E+00  0.000E+00  0.000E+00
 -16.255  0.000E+00  0.000E+00  0.000E+00  0.000E+00
 -16.205  0.000E+00  0.000E+00  0.000E+00  0.000E+00
 -16.155  0.000E+00  0.000E+00  0.000E+00  0.000E+00
 -16.105  0.000E+00  0.000E+00  0.000E+00  0.000E+00
 -16.055  0.000E+00  0.000E+00  0.000E+00  0.000E+00
 -16.005  0.000E+00  0.000E+00  0.000E+00  0.000E+00
 -15.955  0.000E+00  0.000E+00  0.000E+00  0.000E+00
 -15.905  0.000E+00  0.000E+00  0.000E+00  0.000E+00
 -15.855  0.000E+00  0.000E+00  0.000E+00  0.000E+00
 -15.805  0.000E+00  0.000E+00  0.000E+00  0.000E+00
 -15.755  0.000E+00  0.000E+00  0.000E+00  0.000E+00
 -15.705  0.000E+00  0.000E+00  0.000E+00  0.000E+00
 -15.655  0.000E+00  0.000E+00  0.000E+00  0.000E+00
 -15.605  0.000E+00  0.000E+00  0.000E+00  0.000E+00
 -15.555  0.000E+00  0.000E+00  0.000E+00  0.000E+00
 -15.505  0.000E+00  0.000E+00  0.000E+00  0.000E+00
 -15.455  0.000E+00  0.000E+00  0.000E+00  0.000E+00
 -15.405  0.000E+00  0.000E+00  0.000E+00  0.000E+00
 -15.355  0.000E+00  0.000E+00  0.000E+00  0.000E+00
 -15.305  0.000E+00  0.000E+00  0.000E+00  0.000E+00
 -15.255  0.000E+00  0.000E+00  0.000E+00  0.000E+00
 -15.205  0.000E+00  0.000E+00  0.000E+00  0.000E+00
 -15.155  0.000E+00  0.000E+00  0.000E+00  0.000E+00
 -15.105  0.000E+00  0.000E+00  0.000E+00  0.000E+00
 -15.055  0.000E+00  0.000E+00  0.000E+00  0.000E+00
 -15.005  0.000E+00  0.000E+00  0.000E+00  0.000E+00
 -14.955  0.000E+00  0.000E+00  0.000E+00  0.000E+00
 -14.905  0.000E+00  0.000E+00  0.000E+00  0.000E+00
 -14.855  0.000E+00  0.000E+00  0.000E+00  0.000E+00
 -14.805  0.000E+00  0.000E+00  0.000E+00  0.000E+00
 -14.755  0.000E+00  0.000E+00  0.000E+00  0.000E+00
 -14.705  0.000E+00  0.000E+00  0.000E+00  0.000E+00
 -14.655  0.000E+00  0.000E+00  0.000E+00  0.000E+00
 -14.605  0.000E+00  0.000E+00  0.000E+00  0.000E+00
 -14.555  0.000E+00  0.000E+00  0.000E+00  0.000E+00
 -14.505  0.000E+00  0.000E+00  0.000E+00  0.000E+00
 -14.455  0.000E+00  0.000E+00  0.000E+00  0.000E+00
 -14.405  0.000E+00  0.000E+00  0.000E+00  0.000E+00
 -14.355  0.000E+00  0.000E+00  0.000E+00  0.000E+00
 -14.305  0.000E+00  0.000E+00  0.000E+00  0.000E+00
 -14.255  0.000E+00  0.000E+00  0.000E+00  0.000E+00
 -14.205  0.000E+00  0.000E+00  0.000E+00  0.000E+00
 -14.155  0.000E+00  0.000E+00  0.000E+00  0.000E+00
 -14.105  0.000E+00  0.000E+00  0.000E+00  0.000E+00
 -14.055  0.000E+00  0.000E+00  0.000E+00  0.000E+00
 -14.005  0.000E+00  0.000E+00  0.000E+00  0.000E+00
 -13.955  0.000E+00  0.000E+00  0.000E+00  0.000E+00
 -13.905  0.000E+00  0.000E+00  0.000E+00  0.000E+00
 -13.855  0.000E+00  0.000E+00  0.000E+00  0.000E+00
 -13.805  0.000E+00  0.000E+00  0.000E+00  0.000E+00
 -13.755  0.000E+00  0.000E+00  0.000E+00  0.000E+00
 -13.705  0.000E+00  0.000E+00  0.000E+00  0.000E+00
 -13.655  0.000E+00  0.000E+00  0.000E+00  0.000E+00
 -13.605  0.000E+00  0.000E+00  0.000E+00  0.000E+00
 -13.555  0.000E+00  0.000E+00  0.000E+00  0.000E+00
 -13.505  0.000E+00  0.000E+00  0.000E+00  0.000E+00
 -13.455  0.000E+00  0.000E+00  0.000E+00  0.000E+00
 -13.405  0.000E+00  0.000E+00  0.000E+00  0.000E+00
 -13.355  0.000E+00  0.000E+00  0.000E+00  0.000E+00
 -13.305  0.000E+00  0.000E+00  0.000E+00  0.000E+00
 -13.255  0.000E+00  0.000E+00  0.000E+00  0.000E+00
 -13.205  0.000E+00  0.000E+00  0.000E+00  0.000E+00
 -13.155  0.000E+00  0.000E+00  0.000E+00  0.000E+00
 -13.105  0.000E+00  0.000E+00  0.000E+00  0.000E+00
 -13.055  0.000E+00  0.000E+00  0.000E+00  0.000E+00
 -13.005  0.000E+00  0.000E+00  0.000E+00  0.000E+00
 -12.955  0.000E+00  0.000E+00  0.000E+00  0.000E+00
 -12.905  0.000E+00  0.000E+00  0.000E+00  0.000E+00
 -12.855  0.000E+00  0.000E+00  0.000E+00  0.000E+00
 -12.805  0.000E+00  0.000E+00  0.000E+00  0.000E+00
 -12.755  0.000E+00  0.000E+00  0.000E+00  0.000E+00
 -12.705  0.000E+00  0.000E+00  0.000E+00  0.000E+00
 -12.655  0.000E+00  0.000E+00  0.000E+00  0.000E+00
 -12.605  0.000E+00  0.000E+00  0.000E+00  0.000E+00
 -12.555  0.000E+00  0.000E+00  0.000E+00  0.000E+00
 -12.505  0.000E+00  0.000E+00  0.000E+00  0.000E+00
 -12.455  0.000E+00  0.000E+00  0.000E+00  0.000E+00
 -12.405  0.000E+00  0.000E+00  0.000E+00  0.000E+00
 -12.355  0.000E+00  0.000E+00  0.000E+00  0.000E+00
 -12.305  0.000E+00  0.000E+00  0.000E+00  0.000E+00
 -12.255  0.000E+00  0.000E+00  0.000E+00  0.000E+00
 -12.205  0.000E+00  0.000E+00  0.000E+00  0.000E+00
 -12.155  0.000E+00  0.000E+00  0.000E+00  0.000E+00
 -12.105  0.000E+00  0.000E+00  0.000E+00  0.000E+00
 -12.055  0.000E+00  0.000E+00  0.000E+00  0.000E+00
 -12.005  0.000E+00  0.000E+00  0.000E+00  0.000E+00
 -11.955  0.000E+00  0.000E+00  0.000E+00  0.000E+00
 -11.905  0.000E+00  0.000E+00  0.000E+00  0.000E+00
 -11.855  0.000E+00  0.000E+00  0.000E+00  0.000E+00
 -11.805  0.000E+00  0.000E+00  0.000E+00  0.000E+00
 -11.755  0.000E+00  0.000E+00  0.000E+00  0.000E+00
 -11.705  0.000E+00  0.000E+00  0.000E+00  0.000E+00
 -11.655  0.000E+00  0.000E+00  0.000E+00  0.000E+00
 -11.605  0.000E+00  0.000E+00  0.000E+00  0.000E+00
 -11.555  0.000E+00  0.000E+00  0.000E+00  0.000E+00
 -11.505  0.000E+00  0.000E+00  0.000E+00  0.000E+00
 -11.455  0.000E+00  0.000E+00  0.000E+00  0.000E+00
 -11.405  0.000E+00  0.000E+00  0.000E+00  0.000E+00
 -11.355  0.000E+00  0.000E+00  0.000E+00  0.000E+00
 -11.305  0.000E+00  0.000E+00  0.000E+00  0.000E+00
 -11.255  0.000E+00  0.000E+00  0.000E+00  0.000E+00
 -11.205  0.000E+00  0.000E+00  0.000E+00  0.000E+00
 -11.155  0.000E+00  0.000E+00  0.000E+00  0.000E+00
 -11.105  0.000E+00  0.000E+00  0.000E+00  0.000E+00
 -11.055  0.000E+00  0.000E+00  0.000E+00  0.000E+00
 -11.005  0.000E+00  0.000E+00  0.000E+00  0.000E+00
 -10.955  0.000E+00  0.000E+00  0.000E+00  0.000E+00
 -10.905  0.000E+00  0.000E+00  0.000E+00  0.000E+00
 -10.855  0.000E+00  0.000E+00  0.000E+00  0.000E+00
 -10.805  0.000E+00  0.000E+00  0.000E+00  0.000E+00
 -10.755  0.000E+00  0.000E+00  0.000E+00  0.000E+00
 -10.705  0.000E+00  0.000E+00  0.000E+00  0.000E+00
 -10.655  0.000E+00  0.000E+00  0.000E+00  0.000E+00
 -10.605  0.000E+00  0.000E+00  0.000E+00  0.000E+00
 -10.555  0.000E+00  0.000E+00  0.000E+00  0.000E+00
 -10.505  0.000E+00  0.000E+00  0.000E+00  0.000E+00
 -10.455  0.000E+00  0.000E+00  0.000E+00  0.000E+00
 -10.405  0.000E+00  0.000E+00  0.000E+00  0.000E+00
 -10.355  0.000E+00  0.000E+00  0.000E+00  0.000E+00
 -10.305  0.000E+00  0.000E+00  0.000E+00  0.000E+00
 -10.255  0.000E+00  0.000E+00  0.000E+00  0.000E+00
 -10.205  0.000E+00  0.000E+00  0.000E+00  0.000E+00
 -10.155  0.000E+00  0.000E+00  0.000E+00  0.000E+00
 -10.105  0.000E+00  0.000E+00  0.000E+00  0.000E+00
 -10.055  0.000E+00  0.000E+00  0.000E+00  0.000E+00
 -10.005  0.000E+00  0.000E+00  0.000E+00  0.000E+00
  -9.955  0.000E+00  0.000E+00  0.000E+00  0.000E+00
  -9.905  0.000E+00  0.000E+00  0.000E+00  0.000E+00
  -9.855  0.000E+00  0.000E+00  0.000E+00  0.000E+00
  -9.805  0.000E+00  0.000E+00  0.000E+00  0.000E+00
  -9.755  0.000E+00  0.000E+00  0.000E+00  0.000E+00
  -9.705  0.000E+00  0.000E+00  0.000E+00  0.000E+00
  -9.655  0.000E+00  0.000E+00  0.000E+00  0.000E+00
  -9.605  0.000E+00  0.000E+00  0.000E+00  0.000E+00
  -9.555  0.000E+00  0.000E+00  0.000E+00  0.000E+00
  -9.505  0.000E+00  0.000E+00  0.000E+00  0.000E+00
  -9.455  0.000E+00  0.000E+00  0.000E+00  0.000E+00
  -9.405  0.000E+00  0.000E+00  0.000E+00  0.000E+00
  -9.355  0.000E+00  0.000E+00  0.000E+00  0.000E+00
  -9.305  0.000E+00  0.000E+00  0.000E+00  0.000E+00
  -9.255  0.000E+00  0.000E+00  0.000E+00  0.000E+00
  -9.205  0.000E+00  0.000E+00  0.000E+00  0.000E+00
  -9.155  0.000E+00  0.000E+00  0.000E+00  0.000E+00
  -9.105  0.000E+00  0.000E+00  0.000E+00  0.000E+00
  -9.055  0.000E+00  0.000E+00  0.000E+00  0.000E+00
  -9.005  0.000E+00  0.000E+00  0.000E+00  0.000E+00
  -8.955  0.000E+00  0.000E+00  0.000E+00  0.000E+00
  -8.905  0.000E+00  0.000E+00  0.000E+00  0.000E+00
  -8.855  0.000E+00  0.000E+00  0.000E+00  0.000E+00
  -8.805  0.000E+00  0.000E+00  0.000E+00  0.000E+00
  -8.755  0.000E+00  0.000E+00  0.000E+00  0.000E+00
  -8.705  0.000E+00  0.000E+00  0.000E+00  0.000E+00
  -8.655  0.000E+00  0.000E+00  0.000E+00  0.000E+00
  -8.605  0.000E+00  0.000E+00  0.000E+00  0.000E+00
  -8.555  0.000E+00  0.000E+00  0.000E+00  0.000E+00
  -8.505  0.000E+00  0.000E+00  0.000E+00  0.000E+00
  -8.455  0.000E+00  0.000E+00  0.000E+00  0.000E+00
  -8.405  0.000E+00  0.000E+00  0.000E+00  0.000E+00
  -8.355  0.000E+00  0.000E+00  0.000E+00  0.000E+00
  -8.305  0.000E+00  0.000E+00  0.000E+00  0.000E+00
  -8.255  0.000E+00  0.000E+00  0.000E+00  0.000E+00
  -8.205  0.000E+00  0.000E+00  0.000E+00  0.000E+00
  -8.155  0.000E+00  0.000E+00  0.000E+00  0.000E+00
  -8.105  0.000E+00  0.000E+00  0.000E+00  0.000E+00
  -8.055  0.000E+00  0.000E+00  0.000E+00  0.000E+00
  -8.005  0.000E+00  0.000E+00  0.000E+00  0.000E+00
  -7.955  0.000E+00  0.000E+00  0.000E+00  0.000E+00
  -7.905  0.000E+00  0.000E+00  0.000E+00  0.000E+00
  -7.855  0.000E+00  0.000E+00  0.000E+00  0.000E+00
  -7.805  0.000E+00  0.000E+00  0.000E+00  0.000E+00
  -7.755  0.000E+00  0.000E+00  0.000E+00  0.000E+00
  -7.705  0.000E+00  0.000E+00  0.000E+00  0.000E+00
  -7.655  0.000E+00  0.000E+00  0.000E+00  0.000E+00
  -7.605  0.000E+00  0.000E+00  0.000E+00  0.000E+00
  -7.555  0.000E+00  0.000E+00  0.000E+00  0.000E+00
  -7.505  0.000E+00  0.000E+00  0.000E+00  0.000E+00
  -7.455  0.000E+00  0.000E+00  0.000E+00  0.000E+00
  -7.405  0.000E+00  0.000E+00  0.000E+00  0.000E+00
  -7.355  0.000E+00  0.000E+00  0.000E+00  0.000E+00
  -7.305  0.000E+00  0.000E+00  0.000E+00  0.000E+00
  -7.255  0.000E+00  0.000E+00  0.000E+00  0.000E+00
  -7.205  0.000E+00  0.000E+00  0.000E+00  0.000E+00
  -7.155  0.000E+00  0.000E+00  0.000E+00  0.000E+00
  -7.105  0.000E+00  0.000E+00  0.000E+00  0.000E+00
  -7.055  0.000E+00  0.000E+00  0.000E+00  0.000E+00
  -7.005  0.000E+00  0.000E+00  0.000E+00  0.000E+00
  -6.955  0.000E+00  0.000E+00  0.000E+00  0.000E+00
  -6.905  0.000E+00  0.000E+00  0.000E+00  0.000E+00
  -6.855  0.000E+00  0.000E+00  0.000E+00  0.000E+00
  -6.805  0.000E+00  0.000E+00  0.000E+00  0.000E+00
  -6.755  0.000E+00  0.000E+00  0.000E+00  0.000E+00
  -6.705  0.000E+00  0.000E+00  0.000E+00  0.000E+00
  -6.655  0.000E+00  0.000E+00  0.000E+00  0.000E+00
  -6.605  0.000E+00  0.000E+00  0.000E+00  0.000E+00
  -6.555  0.000E+00  0.000E+00  0.000E+00  0.000E+00
  -6.505  0.000E+00  0.000E+00  0.000E+00  0.000E+00
  -6.455  0.000E+00  0.000E+00  0.000E+00  0.000E+00
  -6.405  0.000E+00  0.000E+00  0.000E+00  0.000E+00
  -6.355  0.000E+00  0.000E+00  0.000E+00  0.000E+00
  -6.305  0.000E+00  0.000E+00  0.000E+00  0.000E+00
  -6.255  0.000E+00  0.000E+00  0.000E+00  0.000E+00
  -6.205  0.000E+00  0.000E+00  0.000E+00  0.000E+00
  -6.155  0.000E+00  0.000E+00  0.000E+00  0.000E+00
  -6.105  0.000E+00  0.000E+00  0.000E+00  0.000E+00
  -6.055  0.000E+00  0.000E+00  0.000E+00  0.000E+00
  -6.005  0.000E+00  0.000E+00  0.000E+00  0.000E+00
  -5.955  0.000E+00  0.000E+00  0.000E+00  0.000E+00
  -5.905  0.000E+00  0.000E+00  0.000E+00  0.000E+00
  -5.855  0.000E+00  0.000E+00  0.000E+00  0.000E+00
  -5.805  0.189E-11  0.189E-11  0.346E-16  0.346E-16
  -5.755  0.531E-10  0.531E-10  0.971E-15  0.971E-15
  -5.705  0.111E-08  0.111E-08  0.202E-13  0.202E-13
  -5.655  0.185E-07  0.185E-07  0.337E-12  0.337E-12
  -5.605  0.249E-06  0.249E-06  0.453E-11  0.453E-11
  -5.555  0.272E-05  0.272E-05  0.489E-10  0.489E-10
  -5.505  0.241E-04  0.241E-04  0.424E-09  0.424E-09
  -5.455  0.174E-03  0.174E-03  0.296E-08  0.296E-08
  -5.405  0.102E-02  0.102E-02  0.167E-07  0.167E-07
  -5.355  0.492E-02  0.492E-02  0.755E-07  0.755E-07
  -5.305  0.194E-01  0.194E-01  0.276E-06  0.276E-06
  -5.255  0.625E-01  0.625E-01  0.811E-06  0.811E-06
  -5.205  0.165E+00  0.165E+00  0.192E-05  0.192E-05
  -5.155  0.358E+00  0.358E+00  0.368E-05  0.368E-05
  -5.105  0.634E+00  0.634E+00  0.569E-05  0.569E-05
  -5.055  0.918E+00  0.918E+00  0.710E-05  0.710E-05
  -5.005  0.108E+01  0.108E+01  0.715E-05  0.715E-05
  -4.955  0.104E+01  0.104E+01  0.582E-05  0.582E-05
  -4.905  0.810E+00  0.810E+00  0.383E-05  0.383E-05
  -4.855  0.510E+00  0.510E+00  0.204E-05  0.204E-05
  -4.805  0.260E+00  0.260E+00  0.875E-06  0.875E-06
  -4.755  0.107E+00  0.107E+00  0.304E-06  0.304E-06
  -4.705  0.354E-01  0.354E-01  0.853E-07  0.853E-07
  -4.655  0.945E-02  0.945E-02  0.193E-07  0.193E-07
  -4.605  0.203E-02  0.203E-02  0.354E-08  0.354E-08
  -4.555  0.349E-03  0.349E-03  0.524E-09  0.524E-09
  -4.505  0.483E-04  0.483E-04  0.626E-10  0.626E-10
  -4.455  0.536E-05  0.536E-05  0.633E-11  0.633E-11
  -4.405  0.480E-06  0.480E-06  0.464E-11  0.464E-11
  -4.355  0.549E-07  0.548E-07  0.466E-10  0.466E-10
  -4.305  0.145E-06  0.144E-06  0.415E-09  0.415E-09
  -4.255  0.801E-06  0.795E-06  0.297E-08  0.297E-08
  -4.205  0.366E-05  0.363E-05  0.170E-07  0.170E-07
  -4.155  0.137E-04  0.136E-04  0.782E-07  0.782E-07
  -4.105  0.422E-04  0.416E-04  0.290E-06  0.290E-06
  -4.055  0.107E-03  0.105E-03  0.873E-06  0.873E-06
  -4.005  0.222E-03  0.218E-03  0.216E-05  0.216E-05
  -3.955  0.383E-03  0.374E-03  0.447E-05  0.447E-05
  -3.905  0.548E-03  0.532E-03  0.803E-05  0.803E-05
  -3.855  0.660E-03  0.635E-03  0.129E-04  0.129E-04
  -3.805  0.688E-03  0.650E-03  0.191E-04  0.191E-04
  -3.755  0.641E-03  0.589E-03  0.260E-04  0.260E-04
  -3.705  0.553E-03  0.490E-03  0.319E-04  0.319E-04
  -3.655  0.450E-03  0.379E-03  0.355E-04  0.355E-04
  -3.605  0.345E-03  0.271E-03  0.374E-04  0.374E-04
  -3.555  0.256E-03  0.175E-03  0.404E-04  0.404E-04
  -3.505  0.202E-03  0.108E-03  0.467E-04  0.467E-04
  -3.455  0.189E-03  0.795E-04  0.546E-04  0.546E-04
  -3.405  0.211E-03  0.913E-04  0.597E-04  0.597E-04
  -3.355  0.265E-03  0.147E-03  0.591E-04  0.591E-04
  -3.305  0.379E-03  0.270E-03  0.543E-04  0.543E-04
  -3.255  0.626E-03  0.526E-03  0.502E-04  0.502E-04
  -3.205  0.110E-02  0.996E-03  0.518E-04  0.518E-04
  -3.155  0.182E-02  0.170E-02  0.609E-04  0.609E-04
  -3.105  0.270E-02  0.255E-02  0.733E-04  0.733E-04
  -3.055  0.360E-02  0.344E-02  0.816E-04  0.816E-04
  -3.005  0.479E-02  0.463E-02  0.811E-04  0.811E-04
  -2.955  0.731E-02  0.716E-02  0.752E-04  0.752E-04
  -2.905  0.134E-01  0.133E-01  0.738E-04  0.738E-04
  -2.855  0.271E-01  0.269E-01  0.866E-04  0.866E-04
  -2.805  0.550E-01  0.547E-01  0.120E-03  0.120E-03
  -2.755  0.107E+00  0.107E+00  0.176E-03  0.176E-03
  -2.705  0.196E+00  0.195E+00  0.249E-03  0.249E-03
  -2.655  0.324E+00  0.324E+00  0.329E-03  0.329E-03
  -2.605  0.475E+00  0.474E+00  0.398E-03  0.398E-03
  -2.555  0.602E+00  0.601E+00  0.433E-03  0.433E-03
  -2.505  0.653E+00  0.652E+00  0.419E-03  0.419E-03
  -2.455  0.609E+00  0.608E+00  0.359E-03  0.359E-03
  -2.405  0.498E+00  0.497E+00  0.281E-03  0.281E-03
  -2.355  0.371E+00  0.370E+00  0.221E-03  0.221E-03
  -2.305  0.266E+00  0.266E+00  0.216E-03  0.216E-03
  -2.255  0.194E+00  0.193E+00  0.290E-03  0.290E-03
  -2.205  0.148E+00  0.147E+00  0.471E-03  0.471E-03
  -2.155  0.118E+00  0.117E+00  0.855E-03  0.855E-03
  -2.105  0.982E-01  0.943E-01  0.195E-02  0.195E-02
  -2.055  0.886E-01  0.762E-01  0.621E-02  0.621E-02
  -2.005  0.107E+00  0.607E-01  0.230E-01  0.230E-01
  -1.955  0.206E+00  0.473E-01  0.796E-01  0.796E-01
  -1.905  0.503E+00  0.369E-01  0.233E+00  0.233E+00
  -1.855  0.115E+01  0.301E-01  0.562E+00  0.562E+00
  -1.805  0.225E+01  0.265E-01  0.111E+01  0.111E+01
  -1.755  0.360E+01  0.246E-01  0.179E+01  0.179E+01
  -1.705  0.472E+01  0.228E-01  0.235E+01  0.235E+01
  -1.655  0.505E+01  0.201E-01  0.252E+01  0.252E+01
  -1.605  0.442E+01  0.169E-01  0.220E+01  0.220E+01
  -1.555  0.315E+01  0.143E-01  0.157E+01  0.157E+01
  -1.505  0.184E+01  0.128E-01  0.915E+00  0.915E+00
  -1.455  0.890E+00  0.122E-01  0.439E+00  0.439E+00
  -1.405  0.366E+00  0.120E-01  0.177E+00  0.177E+00
  -1.355  0.141E+00  0.115E-01  0.648E-01  0.648E-01
  -1.305  0.641E-01  0.106E-01  0.267E-01  0.267E-01
  -1.255  0.432E-01  0.967E-02  0.168E-01  0.168E-01
  -1.205  0.393E-01  0.923E-02  0.150E-01  0.150E-01
  -1.155  0.395E-01  0.975E-02  0.149E-01  0.149E-01
  -1.105  0.406E-01  0.112E-01  0.147E-01  0.147E-01
  -1.055  0.418E-01  0.131E-01  0.143E-01  0.143E-01
  -1.005  0.426E-01  0.148E-01  0.139E-01  0.139E-01
  -0.955  0.422E-01  0.160E-01  0.131E-01  0.131E-01
  -0.905  0.403E-01  0.164E-01  0.119E-01  0.119E-01
  -0.855  0.370E-01  0.162E-01  0.104E-01  0.104E-01
  -0.805  0.329E-01  0.153E-01  0.878E-02  0.878E-02
  -0.755  0.291E-01  0.142E-01  0.748E-02  0.748E-02
  -0.705  0.267E-01  0.133E-01  0.671E-02  0.671E-02
  -0.655  0.263E-01  0.134E-01  0.647E-02  0.647E-02
  -0.605  0.277E-01  0.145E-01  0.658E-02  0.658E-02
  -0.555  0.297E-01  0.161E-01  0.678E-02  0.678E-02
  -0.505  0.310E-01  0.173E-01  0.684E-02  0.684E-02
  -0.455  0.309E-01  0.175E-01  0.669E-02  0.669E-02
  -0.405  0.292E-01  0.165E-01  0.635E-02  0.635E-02
  -0.355  0.266E-01  0.148E-01  0.592E-02  0.592E-02
  -0.305  0.238E-01  0.129E-01  0.545E-02  0.545E-02
  -0.255  0.212E-01  0.114E-01  0.493E-02  0.493E-02
  -0.205  0.190E-01  0.102E-01  0.439E-02  0.439E-02
  -0.155  0.172E-01  0.948E-02  0.386E-02  0.386E-02
  -0.105  0.158E-01  0.908E-02  0.338E-02  0.338E-02
  -0.055  0.148E-01  0.893E-02  0.294E-02  0.294E-02
  -0.005  0.140E-01  0.893E-02  0.253E-02  0.253E-02
   0.045  0.133E-01  0.896E-02  0.215E-02  0.215E-02
   0.095  0.125E-01  0.892E-02  0.179E-02  0.179E-02
   0.145  0.118E-01  0.885E-02  0.148E-02  0.148E-02
   0.195  0.113E-01  0.883E-02  0.124E-02  0.124E-02
   0.245  0.110E-01  0.884E-02  0.108E-02  0.108E-02
   0.295  0.109E-01  0.885E-02  0.102E-02  0.102E-02
   0.345  0.110E-01  0.898E-02  0.103E-02  0.103E-02
   0.395  0.118E-01  0.961E-02  0.108E-02  0.108E-02
   0.445  0.132E-01  0.110E-01  0.110E-02  0.110E-02
   0.495  0.152E-01  0.131E-01  0.105E-02  0.105E-02
   0.545  0.170E-01  0.152E-01  0.898E-03  0.898E-03
   0.595  0.185E-01  0.171E-01  0.691E-03  0.691E-03
   0.645  0.198E-01  0.189E-01  0.479E-03  0.479E-03
   0.695  0.214E-01  0.208E-01  0.307E-03  0.307E-03
   0.745  0.229E-01  0.225E-01  0.196E-03  0.196E-03
   0.795  0.238E-01  0.235E-01  0.146E-03  0.146E-03
   0.845  0.237E-01  0.234E-01  0.149E-03  0.149E-03
   0.895  0.230E-01  0.226E-01  0.201E-03  0.201E-03
   0.945  0.222E-01  0.216E-01  0.298E-03  0.298E-03
   0.995  0.218E-01  0.209E-01  0.439E-03  0.439E-03
   1.045  0.217E-01  0.204E-01  0.635E-03  0.635E-03
   1.095  0.217E-01  0.199E-01  0.918E-03  0.918E-03
   1.145  0.219E-01  0.192E-01  0.133E-02  0.133E-02
   1.195  0.225E-01  0.187E-01  0.189E-02  0.189E-02
   1.245  0.235E-01  0.184E-01  0.252E-02  0.252E-02
   1.295  0.248E-01  0.185E-01  0.312E-02  0.312E-02
   1.345  0.263E-01  0.191E-01  0.357E-02  0.357E-02
   1.395  0.281E-01  0.203E-01  0.389E-02  0.389E-02
   1.445  0.305E-01  0.222E-01  0.415E-02  0.415E-02
   1.495  0.332E-01  0.242E-01  0.450E-02  0.450E-02
   1.545  0.357E-01  0.256E-01  0.503E-02  0.503E-02
   1.595  0.375E-01  0.259E-01  0.580E-02  0.580E-02
   1.645  0.386E-01  0.251E-01  0.679E-02  0.679E-02
   1.695  0.396E-01  0.236E-01  0.800E-02  0.800E-02
   1.745  0.412E-01  0.225E-01  0.934E-02  0.934E-02
   1.795  0.433E-01  0.220E-01  0.107E-01  0.107E-01
   1.845  0.458E-01  0.222E-01  0.118E-01  0.118E-01
   1.895  0.485E-01  0.229E-01  0.128E-01  0.128E-01
   1.945  0.512E-01  0.239E-01  0.136E-01  0.136E-01
   1.995  0.534E-01  0.247E-01  0.143E-01  0.143E-01
   2.045  0.543E-01  0.246E-01  0.148E-01  0.148E-01
   2.095  0.536E-01  0.236E-01  0.150E-01  0.150E-01
   2.145  0.522E-01  0.223E-01  0.149E-01  0.149E-01
   2.195  0.514E-01  0.218E-01  0.148E-01  0.148E-01
   2.245  0.520E-01  0.220E-01  0.150E-01  0.150E-01
   2.295  0.531E-01  0.221E-01  0.155E-01  0.155E-01
   2.345  0.533E-01  0.215E-01  0.159E-01  0.159E-01
   2.395  0.513E-01  0.201E-01  0.156E-01  0.156E-01
   2.445  0.474E-01  0.182E-01  0.146E-01  0.146E-01
   2.495  0.427E-01  0.167E-01  0.130E-01  0.130E-01
   2.545  0.386E-01  0.158E-01  0.114E-01  0.114E-01
   2.595  0.361E-01  0.153E-01  0.104E-01  0.104E-01
   2.645  0.359E-01  0.152E-01  0.104E-01  0.104E-01
   2.695  0.380E-01  0.152E-01  0.114E-01  0.114E-01
   2.745  0.417E-01  0.152E-01  0.132E-01  0.132E-01
   2.795  0.455E-01  0.150E-01  0.153E-01  0.153E-01
   2.845  0.477E-01  0.142E-01  0.168E-01  0.168E-01
   2.895  0.471E-01  0.126E-01  0.173E-01  0.173E-01
   2.945  0.442E-01  0.107E-01  0.167E-01  0.167E-01
   2.995  0.402E-01  0.890E-02  0.157E-01  0.157E-01
   3.045  0.370E-01  0.766E-02  0.146E-01  0.146E-01
   3.095  0.354E-01  0.712E-02  0.141E-01  0.141E-01
   3.145  0.354E-01  0.712E-02  0.141E-01  0.141E-01
   3.195  0.362E-01  0.739E-02  0.144E-01  0.144E-01
   3.245  0.370E-01  0.765E-02  0.147E-01  0.147E-01
   3.295  0.370E-01  0.778E-02  0.146E-01  0.146E-01
   3.345  0.362E-01  0.787E-02  0.142E-01  0.142E-01
   3.395  0.350E-01  0.803E-02  0.135E-01  0.135E-01
   3.445  0.337E-01  0.828E-02  0.127E-01  0.127E-01
   3.495  0.325E-01  0.852E-02  0.120E-01  0.120E-01
   3.545  0.315E-01  0.863E-02  0.114E-01  0.114E-01
   3.595  0.306E-01  0.850E-02  0.111E-01  0.111E-01
   3.645  0.302E-01  0.810E-02  0.111E-01  0.111E-01
   3.695  0.304E-01  0.744E-02  0.115E-01  0.115E-01
   3.745  0.314E-01  0.667E-02  0.124E-01  0.124E-01
   3.795  0.330E-01  0.594E-02  0.135E-01  0.135E-01
   3.845  0.344E-01  0.534E-02  0.146E-01  0.146E-01
   3.895  0.350E-01  0.491E-02  0.150E-01  0.150E-01
   3.945  0.345E-01  0.468E-02  0.149E-01  0.149E-01
   3.995  0.333E-01  0.466E-02  0.143E-01  0.143E-01
   4.045  0.318E-01  0.484E-02  0.135E-01  0.135E-01
   4.095  0.303E-01  0.517E-02  0.125E-01  0.125E-01
   4.145  0.287E-01  0.562E-02  0.115E-01  0.115E-01
   4.195  0.277E-01  0.617E-02  0.107E-01  0.107E-01
   4.245  0.275E-01  0.675E-02  0.104E-01  0.104E-01
   4.295  0.277E-01  0.720E-02  0.103E-01  0.103E-01
   4.345  0.275E-01  0.744E-02  0.100E-01  0.100E-01
   4.395  0.267E-01  0.757E-02  0.959E-02  0.959E-02
   4.445  0.264E-01  0.786E-02  0.925E-02  0.925E-02
   4.495  0.273E-01  0.850E-02  0.941E-02  0.941E-02
   4.545  0.294E-01  0.932E-02  0.100E-01  0.100E-01
   4.595  0.311E-01  0.984E-02  0.107E-01  0.107E-01
   4.645  0.311E-01  0.960E-02  0.108E-01  0.108E-01
   4.695  0.292E-01  0.865E-02  0.103E-01  0.103E-01
   4.745  0.269E-01  0.763E-02  0.964E-02  0.964E-02
   4.795  0.257E-01  0.734E-02  0.919E-02  0.919E-02
   4.845  0.264E-01  0.822E-02  0.909E-02  0.909E-02
   4.895  0.286E-01  0.101E-01  0.927E-02  0.927E-02
   4.945  0.312E-01  0.123E-01  0.948E-02  0.948E-02
   4.995  0.330E-01  0.140E-01  0.947E-02  0.947E-02
   5.045  0.332E-01  0.151E-01  0.908E-02  0.908E-02
   5.095  0.321E-01  0.155E-01  0.832E-02  0.832E-02
   5.145  0.304E-01  0.156E-01  0.737E-02  0.737E-02
   5.195  0.289E-01  0.160E-01  0.645E-02  0.645E-02
   5.245  0.281E-01  0.166E-01  0.572E-02  0.572E-02
   5.295  0.277E-01  0.172E-01  0.523E-02  0.523E-02
   5.345  0.269E-01  0.170E-01  0.495E-02  0.495E-02
   5.395  0.254E-01  0.157E-01  0.484E-02  0.484E-02
   5.445  0.235E-01  0.138E-01  0.486E-02  0.486E-02
   5.495  0.219E-01  0.119E-01  0.499E-02  0.499E-02
   5.545  0.209E-01  0.103E-01  0.529E-02  0.529E-02
   5.595  0.213E-01  0.940E-02  0.596E-02  0.596E-02
   5.645  0.241E-01  0.941E-02  0.737E-02  0.737E-02
   5.695  0.304E-01  0.109E-01  0.977E-02  0.977E-02
   5.745  0.404E-01  0.141E-01  0.132E-01  0.132E-01
   5.795  0.536E-01  0.189E-01  0.173E-01  0.173E-01
   5.845  0.682E-01  0.245E-01  0.218E-01  0.218E-01
   5.895  0.805E-01  0.291E-01  0.257E-01  0.257E-01
   5.945  0.861E-01  0.312E-01  0.274E-01  0.274E-01
   5.995  0.826E-01  0.301E-01  0.263E-01  0.263E-01
   6.045  0.716E-01  0.265E-01  0.226E-01  0.226E-01
   6.095  0.577E-01  0.216E-01  0.180E-01  0.180E-01
   6.145  0.459E-01  0.165E-01  0.147E-01  0.147E-01
   6.195  0.393E-01  0.117E-01  0.138E-01  0.138E-01
   6.245  0.387E-01  0.794E-02  0.154E-01  0.154E-01
   6.295  0.429E-01  0.554E-02  0.187E-01  0.187E-01
   6.345  0.503E-01  0.465E-02  0.228E-01  0.228E-01
   6.395  0.594E-01  0.490E-02  0.272E-01  0.272E-01
   6.445  0.695E-01  0.573E-02  0.319E-01  0.319E-01
   6.495  0.799E-01  0.677E-02  0.366E-01  0.366E-01
   6.545  0.889E-01  0.807E-02  0.404E-01  0.404E-01
   6.595  0.948E-01  0.965E-02  0.426E-01  0.426E-01
   6.645  0.978E-01  0.111E-01  0.433E-01  0.433E-01
   6.695  0.101E+00  0.118E-01  0.447E-01  0.447E-01
   6.745  0.109E+00  0.114E-01  0.490E-01  0.490E-01
   6.795  0.125E+00  0.107E-01  0.571E-01  0.571E-01
   6.845  0.145E+00  0.108E-01  0.669E-01  0.669E-01
   6.895  0.162E+00  0.121E-01  0.750E-01  0.750E-01
   6.945  0.174E+00  0.140E-01  0.801E-01  0.801E-01
   6.995  0.185E+00  0.151E-01  0.848E-01  0.848E-01
   7.045  0.204E+00  0.148E-01  0.944E-01  0.944E-01
   7.095  0.235E+00  0.131E-01  0.111E+00  0.111E+00
   7.145  0.268E+00  0.107E-01  0.129E+00  0.129E+00
   7.195  0.286E+00  0.824E-02  0.139E+00  0.139E+00
   7.245  0.281E+00  0.634E-02  0.138E+00  0.138E+00
   7.295  0.264E+00  0.520E-02  0.130E+00  0.130E+00
   7.345  0.251E+00  0.466E-02  0.123E+00  0.123E+00
   7.395  0.248E+00  0.434E-02  0.122E+00  0.122E+00
   7.445  0.256E+00  0.396E-02  0.126E+00  0.126E+00
   7.495  0.281E+00  0.356E-02  0.139E+00  0.139E+00
   7.545  0.333E+00  0.333E-02  0.165E+00  0.165E+00
   7.595  0.419E+00  0.338E-02  0.208E+00  0.208E+00
   7.645  0.520E+00  0.378E-02  0.258E+00  0.258E+00
   7.695  0.611E+00  0.451E-02  0.303E+00  0.303E+00
   7.745  0.681E+00  0.554E-02  0.338E+00  0.338E+00
   7.795  0.748E+00  0.678E-02  0.371E+00  0.371E+00
   7.845  0.828E+00  0.813E-02  0.410E+00  0.410E+00
   7.895  0.907E+00  0.949E-02  0.449E+00  0.449E+00
   7.945  0.947E+00  0.107E-01  0.468E+00  0.468E+00
   7.995  0.919E+00  0.117E-01  0.454E+00  0.454E+00
   8.045  0.827E+00  0.122E-01  0.407E+00  0.407E+00
   8.095  0.698E+00  0.124E-01  0.343E+00  0.343E+00
   8.145  0.568E+00  0.124E-01  0.278E+00  0.278E+00
   8.195  0.465E+00  0.127E-01  0.226E+00  0.226E+00
   8.245  0.408E+00  0.134E-01  0.197E+00  0.197E+00
   8.295  0.416E+00  0.142E-01  0.201E+00  0.201E+00
   8.345  0.501E+00  0.147E-01  0.243E+00  0.243E+00
   8.395  0.682E+00  0.149E-01  0.334E+00  0.334E+00
   8.445  0.983E+00  0.148E-01  0.484E+00  0.484E+00
   8.495  0.141E+01  0.148E-01  0.697E+00  0.697E+00
   8.545  0.190E+01  0.146E-01  0.944E+00  0.944E+00
   8.595  0.233E+01  0.139E-01  0.116E+01  0.116E+01
   8.645  0.257E+01  0.130E-01  0.128E+01  0.128E+01
   8.695  0.255E+01  0.125E-01  0.127E+01  0.127E+01
   8.745  0.232E+01  0.127E-01  0.116E+01  0.116E+01
   8.795  0.201E+01  0.130E-01  0.996E+00  0.996E+00
   8.845  0.169E+01  0.129E-01  0.838E+00  0.838E+00
   8.895  0.141E+01  0.123E-01  0.699E+00  0.699E+00
   8.945  0.117E+01  0.117E-01  0.580E+00  0.580E+00
   8.995  0.966E+00  0.116E-01  0.477E+00  0.477E+00
   9.045  0.793E+00  0.118E-01  0.390E+00  0.390E+00
   9.095  0.651E+00  0.118E-01  0.320E+00  0.320E+00
   9.145  0.535E+00  0.115E-01  0.262E+00  0.262E+00
   9.195  0.440E+00  0.108E-01  0.214E+00  0.214E+00
   9.245  0.363E+00  0.100E-01  0.177E+00  0.177E+00
   9.295  0.303E+00  0.927E-02  0.147E+00  0.147E+00
   9.345  0.253E+00  0.842E-02  0.122E+00  0.122E+00
   9.395  0.208E+00  0.749E-02  0.100E+00  0.100E+00
   9.445  0.168E+00  0.702E-02  0.805E-01  0.805E-01
   9.495  0.134E+00  0.818E-02  0.631E-01  0.631E-01
   9.545  0.111E+00  0.122E-01  0.495E-01  0.495E-01
   9.595  0.100E+00  0.193E-01  0.405E-01  0.405E-01
   9.645  0.996E-01  0.281E-01  0.357E-01  0.357E-01
   9.695  0.102E+00  0.367E-01  0.326E-01  0.326E-01
   9.745  0.101E+00  0.437E-01  0.284E-01  0.284E-01
   9.795  0.937E-01  0.492E-01  0.222E-01  0.222E-01
   9.845  0.833E-01  0.523E-01  0.155E-01  0.155E-01
   9.895  0.718E-01  0.507E-01  0.105E-01  0.105E-01
   9.945  0.603E-01  0.431E-01  0.859E-02  0.859E-02
   9.995  0.508E-01  0.317E-01  0.953E-02  0.953E-02
  10.045  0.445E-01  0.206E-01  0.119E-01  0.119E-01
  10.095  0.400E-01  0.125E-01  0.137E-01  0.137E-01
  10.145  0.343E-01  0.749E-02  0.134E-01  0.134E-01
  10.195  0.261E-01  0.435E-02  0.109E-01  0.109E-01
  10.245  0.173E-01  0.233E-02  0.750E-02  0.750E-02
  10.295  0.106E-01  0.114E-02  0.473E-02  0.473E-02
  10.345  0.692E-02  0.603E-03  0.316E-02  0.316E-02
  10.395  0.551E-02  0.489E-03  0.251E-02  0.251E-02
  10.445  0.496E-02  0.563E-03  0.220E-02  0.220E-02
  10.495  0.432E-02  0.638E-03  0.184E-02  0.184E-02
  10.545  0.334E-02  0.609E-03  0.137E-02  0.137E-02
  10.595  0.222E-02  0.473E-03  0.876E-03  0.876E-03
  10.645  0.125E-02  0.296E-03  0.477E-03  0.477E-03
  10.695  0.585E-03  0.149E-03  0.218E-03  0.218E-03
  10.745  0.225E-03  0.600E-04  0.826E-04  0.826E-04
  10.795  0.706E-04  0.193E-04  0.256E-04  0.256E-04
  10.845  0.179E-04  0.500E-05  0.646E-05  0.646E-05
  10.895  0.366E-05  0.103E-05  0.132E-05  0.132E-05
  10.945  0.602E-06  0.171E-06  0.216E-06  0.216E-06
  10.995  0.794E-07  0.226E-07  0.284E-07  0.284E-07
