# E (eV)   ldos(E)   pdos(E)   
 -19.205  0.401E-05  0.401E-05
 -19.155  0.268E-04  0.268E-04
 -19.105  0.143E-03  0.143E-03
 -19.055  0.611E-03  0.611E-03
 -19.005  0.209E-02  0.209E-02
 -18.955  0.570E-02  0.570E-02
 -18.905  0.125E-01  0.125E-01
 -18.855  0.218E-01  0.218E-01
 -18.805  0.305E-01  0.305E-01
 -18.755  0.341E-01  0.341E-01
 -18.705  0.305E-01  0.305E-01
 -18.655  0.219E-01  0.219E-01
 -18.605  0.125E-01  0.125E-01
 -18.555  0.574E-02  0.574E-02
 -18.505  0.210E-02  0.210E-02
 -18.455  0.617E-03  0.617E-03
 -18.405  0.145E-03  0.145E-03
 -18.355  0.271E-04  0.271E-04
 -18.305  0.407E-05  0.407E-05
 -18.255  0.489E-06  0.489E-06
 -18.205  0.469E-07  0.469E-07
 -18.155  0.361E-08  0.361E-08
 -18.105  0.222E-09  0.222E-09
 -18.055  0.109E-10  0.109E-10
 -18.005  0.428E-12  0.428E-12
 -17.955  0.000E+00  0.000E+00
 -17.905  0.000E+00  0.000E+00
 -17.855  0.000E+00  0.000E+00
 -17.805  0.000E+00  0.000E+00
 -17.755  0.000E+00  0.000E+00
 -17.705  0.000E+00  0.000E+00
 -17.655  0.000E+00  0.000E+00
 -17.605  0.000E+00  0.000E+00
 -17.555  0.000E+00  0.000E+00
 -17.505  0.000E+00  0.000E+00
 -17.455  0.000E+00  0.000E+00
 -17.405  0.000E+00  0.000E+00
 -17.355  0.000E+00  0.000E+00
 -17.305  0.000E+00  0.000E+00
 -17.255  0.000E+00  0.000E+00
 -17.205  0.000E+00  0.000E+00
 -17.155  0.000E+00  0.000E+00
 -17.105  0.000E+00  0.000E+00
 -17.055  0.000E+00  0.000E+00
 -17.005  0.000E+00  0.000E+00
 -16.955  0.000E+00  0.000E+00
 -16.905  0.000E+00  0.000E+00
 -16.855  0.000E+00  0.000E+00
 -16.805  0.000E+00  0.000E+00
 -16.755  0.000E+00  0.000E+00
 -16.705  0.000E+00  0.000E+00
 -16.655  0.000E+00  0.000E+00
 -16.605  0.000E+00  0.000E+00
 -16.555  0.000E+00  0.000E+00
 -16.505  0.000E+00  0.000E+00
 -16.455  0.000E+00  0.000E+00
 -16.405  0.000E+00  0.000E+00
 -16.355  0.000E+00  0.000E+00
 -16.305  0.000E+00  0.000E+00
 -16.255  0.000E+00  0.000E+00
 -16.205  0.000E+00  0.000E+00
 -16.155  0.000E+00  0.000E+00
 -16.105  0.000E+00  0.000E+00
 -16.055  0.000E+00  0.000E+00
 -16.005  0.000E+00  0.000E+00
 -15.955  0.000E+00  0.000E+00
 -15.905  0.000E+00  0.000E+00
 -15.855  0.000E+00  0.000E+00
 -15.805  0.000E+00  0.000E+00
 -15.755  0.000E+00  0.000E+00
 -15.705  0.000E+00  0.000E+00
 -15.655  0.000E+00  0.000E+00
 -15.605  0.000E+00  0.000E+00
 -15.555  0.000E+00  0.000E+00
 -15.505  0.000E+00  0.000E+00
 -15.455  0.000E+00  0.000E+00
 -15.405  0.000E+00  0.000E+00
 -15.355  0.000E+00  0.000E+00
 -15.305  0.000E+00  0.000E+00
 -15.255  0.000E+00  0.000E+00
 -15.205  0.000E+00  0.000E+00
 -15.155  0.000E+00  0.000E+00
 -15.105  0.000E+00  0.000E+00
 -15.055  0.000E+00  0.000E+00
 -15.005  0.000E+00  0.000E+00
 -14.955  0.000E+00  0.000E+00
 -14.905  0.000E+00  0.000E+00
 -14.855  0.000E+00  0.000E+00
 -14.805  0.000E+00  0.000E+00
 -14.755  0.000E+00  0.000E+00
 -14.705  0.000E+00  0.000E+00
 -14.655  0.000E+00  0.000E+00
 -14.605  0.000E+00  0.000E+00
 -14.555  0.000E+00  0.000E+00
 -14.505  0.000E+00  0.000E+00
 -14.455  0.000E+00  0.000E+00
 -14.405  0.000E+00  0.000E+00
 -14.355  0.000E+00  0.000E+00
 -14.305  0.000E+00  0.000E+00
 -14.255  0.000E+00  0.000E+00
 -14.205  0.000E+00  0.000E+00
 -14.155  0.000E+00  0.000E+00
 -14.105  0.000E+00  0.000E+00
 -14.055  0.000E+00  0.000E+00
 -14.005  0.000E+00  0.000E+00
 -13.955  0.000E+00  0.000E+00
 -13.905  0.000E+00  0.000E+00
 -13.855  0.000E+00  0.000E+00
 -13.805  0.000E+00  0.000E+00
 -13.755  0.000E+00  0.000E+00
 -13.705  0.000E+00  0.000E+00
 -13.655  0.000E+00  0.000E+00
 -13.605  0.000E+00  0.000E+00
 -13.555  0.000E+00  0.000E+00
 -13.505  0.000E+00  0.000E+00
 -13.455  0.000E+00  0.000E+00
 -13.405  0.000E+00  0.000E+00
 -13.355  0.000E+00  0.000E+00
 -13.305  0.000E+00  0.000E+00
 -13.255  0.000E+00  0.000E+00
 -13.205  0.000E+00  0.000E+00
 -13.155  0.000E+00  0.000E+00
 -13.105  0.000E+00  0.000E+00
 -13.055  0.000E+00  0.000E+00
 -13.005  0.000E+00  0.000E+00
 -12.955  0.000E+00  0.000E+00
 -12.905  0.000E+00  0.000E+00
 -12.855  0.000E+00  0.000E+00
 -12.805  0.000E+00  0.000E+00
 -12.755  0.000E+00  0.000E+00
 -12.705  0.000E+00  0.000E+00
 -12.655  0.000E+00  0.000E+00
 -12.605  0.000E+00  0.000E+00
 -12.555  0.000E+00  0.000E+00
 -12.505  0.000E+00  0.000E+00
 -12.455  0.000E+00  0.000E+00
 -12.405  0.000E+00  0.000E+00
 -12.355  0.000E+00  0.000E+00
 -12.305  0.000E+00  0.000E+00
 -12.255  0.000E+00  0.000E+00
 -12.205  0.000E+00  0.000E+00
 -12.155  0.000E+00  0.000E+00
 -12.105  0.000E+00  0.000E+00
 -12.055  0.000E+00  0.000E+00
 -12.005  0.000E+00  0.000E+00
 -11.955  0.000E+00  0.000E+00
 -11.905  0.000E+00  0.000E+00
 -11.855  0.000E+00  0.000E+00
 -11.805  0.000E+00  0.000E+00
 -11.755  0.000E+00  0.000E+00
 -11.705  0.000E+00  0.000E+00
 -11.655  0.000E+00  0.000E+00
 -11.605  0.000E+00  0.000E+00
 -11.555  0.000E+00  0.000E+00
 -11.505  0.000E+00  0.000E+00
 -11.455  0.000E+00  0.000E+00
 -11.405  0.000E+00  0.000E+00
 -11.355  0.000E+00  0.000E+00
 -11.305  0.000E+00  0.000E+00
 -11.255  0.000E+00  0.000E+00
 -11.205  0.000E+00  0.000E+00
 -11.155  0.000E+00  0.000E+00
 -11.105  0.000E+00  0.000E+00
 -11.055  0.000E+00  0.000E+00
 -11.005  0.000E+00  0.000E+00
 -10.955  0.000E+00  0.000E+00
 -10.905  0.000E+00  0.000E+00
 -10.855  0.000E+00  0.000E+00
 -10.805  0.000E+00  0.000E+00
 -10.755  0.000E+00  0.000E+00
 -10.705  0.000E+00  0.000E+00
 -10.655  0.000E+00  0.000E+00
 -10.605  0.000E+00  0.000E+00
 -10.555  0.000E+00  0.000E+00
 -10.505  0.000E+00  0.000E+00
 -10.455  0.000E+00  0.000E+00
 -10.405  0.000E+00  0.000E+00
 -10.355  0.000E+00  0.000E+00
 -10.305  0.000E+00  0.000E+00
 -10.255  0.000E+00  0.000E+00
 -10.205  0.000E+00  0.000E+00
 -10.155  0.000E+00  0.000E+00
 -10.105  0.000E+00  0.000E+00
 -10.055  0.000E+00  0.000E+00
 -10.005  0.000E+00  0.000E+00
  -9.955  0.000E+00  0.000E+00
  -9.905  0.000E+00  0.000E+00
  -9.855  0.000E+00  0.000E+00
  -9.805  0.000E+00  0.000E+00
  -9.755  0.000E+00  0.000E+00
  -9.705  0.000E+00  0.000E+00
  -9.655  0.000E+00  0.000E+00
  -9.605  0.000E+00  0.000E+00
  -9.555  0.000E+00  0.000E+00
  -9.505  0.000E+00  0.000E+00
  -9.455  0.000E+00  0.000E+00
  -9.405  0.000E+00  0.000E+00
  -9.355  0.000E+00  0.000E+00
  -9.305  0.000E+00  0.000E+00
  -9.255  0.000E+00  0.000E+00
  -9.205  0.000E+00  0.000E+00
  -9.155  0.000E+00  0.000E+00
  -9.105  0.000E+00  0.000E+00
  -9.055  0.000E+00  0.000E+00
  -9.005  0.000E+00  0.000E+00
  -8.955  0.000E+00  0.000E+00
  -8.905  0.000E+00  0.000E+00
  -8.855  0.000E+00  0.000E+00
  -8.805  0.000E+00  0.000E+00
  -8.755  0.000E+00  0.000E+00
  -8.705  0.000E+00  0.000E+00
  -8.655  0.000E+00  0.000E+00
  -8.605  0.000E+00  0.000E+00
  -8.555  0.000E+00  0.000E+00
  -8.505  0.000E+00  0.000E+00
  -8.455  0.000E+00  0.000E+00
  -8.405  0.000E+00  0.000E+00
  -8.355  0.000E+00  0.000E+00
  -8.305  0.000E+00  0.000E+00
  -8.255  0.000E+00  0.000E+00
  -8.205  0.000E+00  0.000E+00
  -8.155  0.000E+00  0.000E+00
  -8.105  0.000E+00  0.000E+00
  -8.055  0.000E+00  0.000E+00
  -8.005  0.000E+00  0.000E+00
  -7.955  0.000E+00  0.000E+00
  -7.905  0.000E+00  0.000E+00
  -7.855  0.000E+00  0.000E+00
  -7.805  0.000E+00  0.000E+00
  -7.755  0.000E+00  0.000E+00
  -7.705  0.000E+00  0.000E+00
  -7.655  0.000E+00  0.000E+00
  -7.605  0.000E+00  0.000E+00
  -7.555  0.000E+00  0.000E+00
  -7.505  0.000E+00  0.000E+00
  -7.455  0.000E+00  0.000E+00
  -7.405  0.000E+00  0.000E+00
  -7.355  0.000E+00  0.000E+00
  -7.305  0.000E+00  0.000E+00
  -7.255  0.000E+00  0.000E+00
  -7.205  0.000E+00  0.000E+00
  -7.155  0.000E+00  0.000E+00
  -7.105  0.000E+00  0.000E+00
  -7.055  0.000E+00  0.000E+00
  -7.005  0.000E+00  0.000E+00
  -6.955  0.000E+00  0.000E+00
  -6.905  0.000E+00  0.000E+00
  -6.855  0.000E+00  0.000E+00
  -6.805  0.000E+00  0.000E+00
  -6.755  0.000E+00  0.000E+00
  -6.705  0.000E+00  0.000E+00
  -6.655  0.000E+00  0.000E+00
  -6.605  0.000E+00  0.000E+00
  -6.555  0.000E+00  0.000E+00
  -6.505  0.000E+00  0.000E+00
  -6.455  0.000E+00  0.000E+00
  -6.405  0.000E+00  0.000E+00
  -6.355  0.000E+00  0.000E+00
  -6.305  0.000E+00  0.000E+00
  -6.255  0.000E+00  0.000E+00
  -6.205  0.000E+00  0.000E+00
  -6.155  0.000E+00  0.000E+00
  -6.105  0.000E+00  0.000E+00
  -6.055  0.000E+00  0.000E+00
  -6.005  0.000E+00  0.000E+00
  -5.955  0.000E+00  0.000E+00
  -5.905  0.000E+00  0.000E+00
  -5.855  0.000E+00  0.000E+00
  -5.805  0.988E-12  0.988E-12
  -5.755  0.270E-10  0.270E-10
  -5.705  0.556E-09  0.556E-09
  -5.655  0.916E-08  0.916E-08
  -5.605  0.122E-06  0.122E-06
  -5.555  0.131E-05  0.131E-05
  -5.505  0.114E-04  0.114E-04
  -5.455  0.807E-04  0.807E-04
  -5.405  0.464E-03  0.464E-03
  -5.355  0.218E-02  0.218E-02
  -5.305  0.835E-02  0.835E-02
  -5.255  0.262E-01  0.262E-01
  -5.205  0.673E-01  0.673E-01
  -5.155  0.142E+00  0.142E+00
  -5.105  0.245E+00  0.245E+00
  -5.055  0.346E+00  0.346E+00
  -5.005  0.400E+00  0.400E+00
  -4.955  0.376E+00  0.376E+00
  -4.905  0.288E+00  0.288E+00
  -4.855  0.179E+00  0.179E+00
  -4.805  0.903E-01  0.903E-01
  -4.755  0.368E-01  0.368E-01
  -4.705  0.121E-01  0.121E-01
  -4.655  0.320E-02  0.320E-02
  -4.605  0.682E-03  0.682E-03
  -4.555  0.117E-03  0.117E-03
  -4.505  0.161E-04  0.161E-04
  -4.455  0.179E-05  0.179E-05
  -4.405  0.177E-06  0.177E-06
  -4.355  0.169E-06  0.169E-06
  -4.305  0.110E-05  0.110E-05
  -4.255  0.623E-05  0.623E-05
  -4.205  0.290E-04  0.290E-04
  -4.155  0.111E-03  0.111E-03
  -4.105  0.348E-03  0.348E-03
  -4.055  0.902E-03  0.902E-03
  -4.005  0.193E-02  0.193E-02
  -3.955  0.344E-02  0.344E-02
  -3.905  0.519E-02  0.519E-02
  -3.855  0.678E-02  0.678E-02
  -3.805  0.799E-02  0.799E-02
  -3.755  0.878E-02  0.878E-02
  -3.705  0.913E-02  0.913E-02
  -3.655  0.895E-02  0.895E-02
  -3.605  0.839E-02  0.839E-02
  -3.555  0.801E-02  0.801E-02
  -3.505  0.828E-02  0.828E-02
  -3.455  0.901E-02  0.901E-02
  -3.405  0.949E-02  0.949E-02
  -3.355  0.918E-02  0.918E-02
  -3.305  0.827E-02  0.827E-02
  -3.255  0.749E-02  0.749E-02
  -3.205  0.760E-02  0.760E-02
  -3.155  0.887E-02  0.887E-02
  -3.105  0.107E-01  0.107E-01
  -3.055  0.121E-01  0.121E-01
  -3.005  0.125E-01  0.125E-01
  -2.955  0.128E-01  0.128E-01
  -2.905  0.152E-01  0.152E-01
  -2.855  0.216E-01  0.216E-01
  -2.805  0.334E-01  0.334E-01
  -2.755  0.506E-01  0.506E-01
  -2.705  0.721E-01  0.721E-01
  -2.655  0.953E-01  0.953E-01
  -2.605  0.116E+00  0.116E+00
  -2.555  0.126E+00  0.126E+00
  -2.505  0.120E+00  0.120E+00
  -2.455  0.980E-01  0.980E-01
  -2.405  0.685E-01  0.685E-01
  -2.355  0.412E-01  0.412E-01
  -2.305  0.220E-01  0.220E-01
  -2.255  0.115E-01  0.115E-01
  -2.205  0.725E-02  0.725E-02
  -2.155  0.651E-02  0.651E-02
  -2.105  0.738E-02  0.738E-02
  -2.055  0.861E-02  0.861E-02
  -2.005  0.950E-02  0.950E-02
  -1.955  0.997E-02  0.997E-02
  -1.905  0.107E-01  0.107E-01
  -1.855  0.128E-01  0.128E-01
  -1.805  0.169E-01  0.169E-01
  -1.755  0.228E-01  0.228E-01
  -1.705  0.296E-01  0.296E-01
  -1.655  0.359E-01  0.359E-01
  -1.605  0.411E-01  0.411E-01
  -1.555  0.455E-01  0.455E-01
  -1.505  0.499E-01  0.499E-01
  -1.455  0.537E-01  0.537E-01
  -1.405  0.553E-01  0.553E-01
  -1.355  0.539E-01  0.539E-01
  -1.305  0.513E-01  0.513E-01
  -1.255  0.506E-01  0.506E-01
  -1.205  0.531E-01  0.531E-01
  -1.155  0.570E-01  0.570E-01
  -1.105  0.596E-01  0.596E-01
  -1.055  0.604E-01  0.604E-01
  -1.005  0.610E-01  0.610E-01
  -0.955  0.630E-01  0.630E-01
  -0.905  0.668E-01  0.668E-01
  -0.855  0.699E-01  0.699E-01
  -0.805  0.697E-01  0.697E-01
  -0.755  0.658E-01  0.658E-01
  -0.705  0.624E-01  0.624E-01
  -0.655  0.649E-01  0.649E-01
  -0.605  0.768E-01  0.768E-01
  -0.555  0.979E-01  0.979E-01
  -0.505  0.125E+00  0.125E+00
  -0.455  0.153E+00  0.153E+00
  -0.405  0.175E+00  0.175E+00
  -0.355  0.185E+00  0.185E+00
  -0.305  0.182E+00  0.182E+00
  -0.255  0.170E+00  0.170E+00
  -0.205  0.156E+00  0.156E+00
  -0.155  0.144E+00  0.144E+00
  -0.105  0.135E+00  0.135E+00
  -0.055  0.127E+00  0.127E+00
  -0.005  0.118E+00  0.118E+00
   0.045  0.108E+00  0.108E+00
   0.095  0.951E-01  0.951E-01
   0.145  0.801E-01  0.801E-01
   0.195  0.646E-01  0.646E-01
   0.245  0.509E-01  0.509E-01
   0.295  0.401E-01  0.401E-01
   0.345  0.323E-01  0.323E-01
   0.395  0.268E-01  0.268E-01
   0.445  0.237E-01  0.237E-01
   0.495  0.228E-01  0.228E-01
   0.545  0.239E-01  0.239E-01
   0.595  0.258E-01  0.258E-01
   0.645  0.273E-01  0.273E-01
   0.695  0.275E-01  0.275E-01
   0.745  0.263E-01  0.263E-01
   0.795  0.243E-01  0.243E-01
   0.845  0.223E-01  0.223E-01
   0.895  0.211E-01  0.211E-01
   0.945  0.208E-01  0.208E-01
   0.995  0.212E-01  0.212E-01
   1.045  0.214E-01  0.214E-01
   1.095  0.209E-01  0.209E-01
   1.145  0.203E-01  0.203E-01
   1.195  0.201E-01  0.201E-01
   1.245  0.209E-01  0.209E-01
   1.295  0.232E-01  0.232E-01
   1.345  0.267E-01  0.267E-01
   1.395  0.310E-01  0.310E-01
   1.445  0.352E-01  0.352E-01
   1.495  0.388E-01  0.388E-01
   1.545  0.410E-01  0.410E-01
   1.595  0.414E-01  0.414E-01
   1.645  0.399E-01  0.399E-01
   1.695  0.374E-01  0.374E-01
   1.745  0.357E-01  0.357E-01
   1.795  0.357E-01  0.357E-01
   1.845  0.368E-01  0.368E-01
   1.895  0.374E-01  0.374E-01
   1.945  0.366E-01  0.366E-01
   1.995  0.344E-01  0.344E-01
   2.045  0.317E-01  0.317E-01
   2.095  0.290E-01  0.290E-01
   2.145  0.267E-01  0.267E-01
   2.195  0.250E-01  0.250E-01
   2.245  0.238E-01  0.238E-01
   2.295  0.231E-01  0.231E-01
   2.345  0.225E-01  0.225E-01
   2.395  0.219E-01  0.219E-01
   2.445  0.214E-01  0.214E-01
   2.495  0.215E-01  0.215E-01
   2.545  0.220E-01  0.220E-01
   2.595  0.228E-01  0.228E-01
   2.645  0.233E-01  0.233E-01
   2.695  0.231E-01  0.231E-01
   2.745  0.222E-01  0.222E-01
   2.795  0.210E-01  0.210E-01
   2.845  0.201E-01  0.201E-01
   2.895  0.194E-01  0.194E-01
   2.945  0.188E-01  0.188E-01
   2.995  0.178E-01  0.178E-01
   3.045  0.165E-01  0.165E-01
   3.095  0.151E-01  0.151E-01
   3.145  0.138E-01  0.138E-01
   3.195  0.127E-01  0.127E-01
   3.245  0.117E-01  0.117E-01
   3.295  0.110E-01  0.110E-01
   3.345  0.108E-01  0.108E-01
   3.395  0.109E-01  0.109E-01
   3.445  0.113E-01  0.113E-01
   3.495  0.117E-01  0.117E-01
   3.545  0.116E-01  0.116E-01
   3.595  0.109E-01  0.109E-01
   3.645  0.983E-02  0.983E-02
   3.695  0.896E-02  0.896E-02
   3.745  0.883E-02  0.883E-02
   3.795  0.970E-02  0.970E-02
   3.845  0.113E-01  0.113E-01
   3.895  0.128E-01  0.128E-01
   3.945  0.135E-01  0.135E-01
   3.995  0.134E-01  0.134E-01
   4.045  0.129E-01  0.129E-01
   4.095  0.124E-01  0.124E-01
   4.145  0.117E-01  0.117E-01
   4.195  0.106E-01  0.106E-01
   4.245  0.903E-02  0.903E-02
   4.295  0.736E-02  0.736E-02
   4.345  0.590E-02  0.590E-02
   4.395  0.488E-02  0.488E-02
   4.445  0.439E-02  0.439E-02
   4.495  0.430E-02  0.430E-02
   4.545  0.439E-02  0.439E-02
   4.595  0.454E-02  0.454E-02
   4.645  0.484E-02  0.484E-02
   4.695  0.545E-02  0.545E-02
   4.745  0.631E-02  0.631E-02
   4.795  0.711E-02  0.711E-02
   4.845  0.752E-02  0.752E-02
   4.895  0.748E-02  0.748E-02
   4.945  0.712E-02  0.712E-02
   4.995  0.664E-02  0.664E-02
   5.045  0.619E-02  0.619E-02
   5.095  0.590E-02  0.590E-02
   5.145  0.585E-02  0.585E-02
   5.195  0.608E-02  0.608E-02
   5.245  0.645E-02  0.645E-02
   5.295  0.678E-02  0.678E-02
   5.345  0.687E-02  0.687E-02
   5.395  0.667E-02  0.667E-02
   5.445  0.625E-02  0.625E-02
   5.495  0.576E-02  0.576E-02
   5.545  0.537E-02  0.537E-02
   5.595  0.530E-02  0.530E-02
   5.645  0.575E-02  0.575E-02
   5.695  0.659E-02  0.659E-02
   5.745  0.736E-02  0.736E-02
   5.795  0.757E-02  0.757E-02
   5.845  0.717E-02  0.717E-02
   5.895  0.646E-02  0.646E-02
   5.945  0.581E-02  0.581E-02
   5.995  0.545E-02  0.545E-02
   6.045  0.544E-02  0.544E-02
   6.095  0.572E-02  0.572E-02
   6.145  0.608E-02  0.608E-02
   6.195  0.627E-02  0.627E-02
   6.245  0.629E-02  0.629E-02
   6.295  0.637E-02  0.637E-02
   6.345  0.680E-02  0.680E-02
   6.395  0.765E-02  0.765E-02
   6.445  0.878E-02  0.878E-02
   6.495  0.101E-01  0.101E-01
   6.545  0.117E-01  0.117E-01
   6.595  0.133E-01  0.133E-01
   6.645  0.146E-01  0.146E-01
   6.695  0.156E-01  0.156E-01
   6.745  0.164E-01  0.164E-01
   6.795  0.176E-01  0.176E-01
   6.845  0.198E-01  0.198E-01
   6.895  0.227E-01  0.227E-01
   6.945  0.252E-01  0.252E-01
   6.995  0.262E-01  0.262E-01
   7.045  0.251E-01  0.251E-01
   7.095  0.224E-01  0.224E-01
   7.145  0.189E-01  0.189E-01
   7.195  0.157E-01  0.157E-01
   7.245  0.137E-01  0.137E-01
   7.295  0.134E-01  0.134E-01
   7.345  0.148E-01  0.148E-01
   7.395  0.167E-01  0.167E-01
   7.445  0.179E-01  0.179E-01
   7.495  0.180E-01  0.180E-01
   7.545  0.176E-01  0.176E-01
   7.595  0.177E-01  0.177E-01
   7.645  0.187E-01  0.187E-01
   7.695  0.202E-01  0.202E-01
   7.745  0.216E-01  0.216E-01
   7.795  0.233E-01  0.233E-01
   7.845  0.254E-01  0.254E-01
   7.895  0.281E-01  0.281E-01
   7.945  0.306E-01  0.306E-01
   7.995  0.319E-01  0.319E-01
   8.045  0.310E-01  0.310E-01
   8.095  0.276E-01  0.276E-01
   8.145  0.221E-01  0.221E-01
   8.195  0.162E-01  0.162E-01
   8.245  0.116E-01  0.116E-01
   8.295  0.900E-02  0.900E-02
   8.345  0.858E-02  0.858E-02
   8.395  0.981E-02  0.981E-02
   8.445  0.122E-01  0.122E-01
   8.495  0.154E-01  0.154E-01
   8.545  0.193E-01  0.193E-01
   8.595  0.237E-01  0.237E-01
   8.645  0.280E-01  0.280E-01
   8.695  0.320E-01  0.320E-01
   8.745  0.359E-01  0.359E-01
   8.795  0.400E-01  0.400E-01
   8.845  0.448E-01  0.448E-01
   8.895  0.503E-01  0.503E-01
   8.945  0.561E-01  0.561E-01
   8.995  0.612E-01  0.612E-01
   9.045  0.638E-01  0.638E-01
   9.095  0.622E-01  0.622E-01
   9.145  0.562E-01  0.562E-01
   9.195  0.478E-01  0.478E-01
   9.245  0.396E-01  0.396E-01
   9.295  0.338E-01  0.338E-01
   9.345  0.310E-01  0.310E-01
   9.395  0.307E-01  0.307E-01
   9.445  0.320E-01  0.320E-01
   9.495  0.341E-01  0.341E-01
   9.545  0.366E-01  0.366E-01
   9.595  0.390E-01  0.390E-01
   9.645  0.403E-01  0.403E-01
   9.695  0.388E-01  0.388E-01
   9.745  0.340E-01  0.340E-01
   9.795  0.277E-01  0.277E-01
   9.845  0.220E-01  0.220E-01
   9.895  0.182E-01  0.182E-01
   9.945  0.165E-01  0.165E-01
   9.995  0.167E-01  0.167E-01
  10.045  0.180E-01  0.180E-01
  10.095  0.189E-01  0.189E-01
  10.145  0.178E-01  0.178E-01
  10.195  0.141E-01  0.141E-01
  10.245  0.946E-02  0.946E-02
  10.295  0.557E-02  0.557E-02
  10.345  0.339E-02  0.339E-02
  10.395  0.269E-02  0.269E-02
  10.445  0.271E-02  0.271E-02
  10.495  0.274E-02  0.274E-02
  10.545  0.243E-02  0.243E-02
  10.595  0.180E-02  0.180E-02
  10.645  0.109E-02  0.109E-02
  10.695  0.539E-03  0.539E-03
  10.745  0.215E-03  0.215E-03
  10.795  0.688E-04  0.688E-04
  10.845  0.177E-04  0.177E-04
  10.895  0.365E-05  0.365E-05
  10.945  0.603E-06  0.603E-06
  10.995  0.798E-07  0.798E-07
