#  E (eV)   dos(E)     Int dos(E) EFermi =    4.619 eV
 -14.227  0.2295E-83  0.1148E-84
 -14.177  0.2295E-83  0.2295E-84
 -14.127  0.2295E-83  0.3443E-84
 -14.077  0.2295E-83  0.4591E-84
 -14.027  0.2295E-83  0.5739E-84
 -13.977  0.2295E-83  0.6886E-84
 -13.927  0.2295E-83  0.8034E-84
 -13.877  0.2295E-83  0.9182E-84
 -13.827  0.2295E-83  0.1033E-83
 -13.777  0.2295E-83  0.1148E-83
 -13.727  0.2295E-83  0.1262E-83
 -13.677  0.2295E-83  0.1377E-83
 -13.627  0.2295E-83  0.1492E-83
 -13.577  0.2295E-83  0.1607E-83
 -13.527  0.2295E-83  0.1722E-83
 -13.477  0.2295E-83  0.1836E-83
 -13.427  0.2295E-83  0.1951E-83
 -13.377  0.2295E-83  0.2066E-83
 -13.327  0.2295E-83  0.2181E-83
 -13.277  0.2295E-83  0.2295E-83
 -13.227  0.2295E-83  0.2410E-83
 -13.177  0.2295E-83  0.2525E-83
 -13.127  0.2295E-83  0.2640E-83
 -13.077  0.2295E-83  0.2755E-83
 -13.027  0.2295E-83  0.2869E-83
 -12.977  0.2295E-83  0.2984E-83
 -12.927  0.2295E-83  0.3099E-83
 -12.877  0.2295E-83  0.3214E-83
 -12.827  0.2295E-83  0.3328E-83
 -12.777  0.2295E-83  0.3443E-83
 -12.727  0.2295E-83  0.3558E-83
 -12.677  0.2295E-83  0.3673E-83
 -12.627  0.2295E-83  0.3787E-83
 -12.577  0.2295E-83  0.3902E-83
 -12.527  0.2295E-83  0.4017E-83
 -12.477  0.2295E-83  0.4132E-83
 -12.427  0.2295E-83  0.4247E-83
 -12.377  0.2295E-83  0.4361E-83
 -12.327  0.2295E-83  0.4476E-83
 -12.277  0.2295E-83  0.4591E-83
 -12.227  0.2295E-83  0.4706E-83
 -12.177  0.2295E-83  0.4820E-83
 -12.127  0.2295E-83  0.4935E-83
 -12.077  0.2295E-83  0.5050E-83
 -12.027  0.2295E-83  0.5165E-83
 -11.977  0.2295E-83  0.5280E-83
 -11.927  0.2295E-83  0.5394E-83
 -11.877  0.2295E-83  0.5509E-83
 -11.827  0.2295E-83  0.5624E-83
 -11.777  0.2295E-83  0.5739E-83
 -11.727  0.2295E-83  0.5853E-83
 -11.677  0.2295E-83  0.5968E-83
 -11.627  0.2295E-83  0.6083E-83
 -11.577  0.2295E-83  0.6198E-83
 -11.527  0.2295E-83  0.6312E-83
 -11.477  0.2295E-83  0.6427E-83
 -11.427  0.2295E-83  0.6542E-83
 -11.377  0.2295E-83  0.6657E-83
 -11.327  0.2295E-83  0.6772E-83
 -11.277  0.2295E-83  0.6886E-83
 -11.227  0.2295E-83  0.7001E-83
 -11.177  0.2295E-83  0.7116E-83
 -11.127  0.2295E-83  0.7231E-83
 -11.077  0.2295E-83  0.7345E-83
 -11.027  0.2295E-83  0.7460E-83
 -10.977  0.2295E-83  0.7575E-83
 -10.927  0.2295E-83  0.7690E-83
 -10.877  0.2295E-83  0.7805E-83
 -10.827  0.2295E-83  0.7919E-83
 -10.777  0.2295E-83  0.8034E-83
 -10.727  0.2295E-83  0.8149E-83
 -10.677  0.2295E-83  0.8264E-83
 -10.627  0.2295E-83  0.8378E-83
 -10.577  0.2295E-83  0.8493E-83
 -10.527  0.2295E-83  0.8608E-83
 -10.477  0.2295E-83  0.8723E-83
 -10.427  0.2295E-83  0.8837E-83
 -10.377  0.2295E-83  0.8952E-83
 -10.327  0.2295E-83  0.9067E-83
 -10.277  0.2295E-83  0.9182E-83
 -10.227  0.2295E-83  0.9297E-83
 -10.177  0.2295E-83  0.9411E-83
 -10.127  0.2295E-83  0.9526E-83
 -10.077  0.2295E-83  0.9641E-83
 -10.027  0.2295E-83  0.9756E-83
  -9.977  0.2295E-83  0.9870E-83
  -9.927  0.2295E-83  0.9985E-83
  -9.877  0.2295E-83  0.1010E-82
  -9.827  0.2295E-83  0.1021E-82
  -9.777  0.2295E-83  0.1033E-82
  -9.727  0.2295E-83  0.1044E-82
  -9.677  0.2295E-83  0.1056E-82
  -9.627  0.2295E-83  0.1067E-82
  -9.577  0.2295E-83  0.1079E-82
  -9.527  0.2295E-83  0.1090E-82
  -9.477  0.2295E-83  0.1102E-82
  -9.427  0.2295E-83  0.1113E-82
  -9.377  0.2295E-83  0.1125E-82
  -9.327  0.2295E-83  0.1136E-82
  -9.277  0.2295E-83  0.1148E-82
  -9.227  0.2295E-83  0.1159E-82
  -9.177  0.2295E-83  0.1171E-82
  -9.127  0.2295E-83  0.1182E-82
  -9.077  0.2295E-83  0.1194E-82
  -9.027  0.2295E-83  0.1205E-82
  -8.977  0.2295E-83  0.1217E-82
  -8.927  0.2295E-83  0.1228E-82
  -8.877  0.2295E-83  0.1240E-82
  -8.827  0.2295E-83  0.1251E-82
  -8.777  0.2295E-83  0.1262E-82
  -8.727  0.2295E-83  0.1274E-82
  -8.677  0.2295E-83  0.1285E-82
  -8.627  0.2295E-83  0.1297E-82
  -8.577  0.2295E-83  0.1308E-82
  -8.527  0.2295E-83  0.1320E-82
  -8.477  0.2295E-83  0.1331E-82
  -8.427  0.2295E-83  0.1343E-82
  -8.377  0.2295E-83  0.1354E-82
  -8.327  0.2295E-83  0.1366E-82
  -8.277  0.2295E-83  0.1377E-82
  -8.227  0.2295E-83  0.1389E-82
  -8.177  0.2295E-83  0.1400E-82
  -8.127  0.2295E-83  0.1412E-82
  -8.077  0.2295E-83  0.1423E-82
  -8.027  0.2295E-83  0.1435E-82
  -7.977  0.2295E-83  0.1446E-82
  -7.927  0.2295E-83  0.1458E-82
  -7.877  0.2295E-83  0.1469E-82
  -7.827  0.2295E-83  0.1481E-82
  -7.777  0.2295E-83  0.1492E-82
  -7.727  0.2295E-83  0.1504E-82
  -7.677  0.2295E-83  0.1515E-82
  -7.627  0.2295E-83  0.1526E-82
  -7.577  0.2295E-83  0.1538E-82
  -7.527  0.2295E-83  0.1549E-82
  -7.477  0.2295E-83  0.1561E-82
  -7.427  0.2295E-83  0.1572E-82
  -7.377  0.2295E-83  0.1584E-82
  -7.327  0.2295E-83  0.1595E-82
  -7.277  0.2295E-83  0.1607E-82
  -7.227  0.2295E-83  0.1618E-82
  -7.177  0.2295E-83  0.1630E-82
  -7.127  0.2295E-83  0.1641E-82
  -7.077  0.2295E-83  0.1653E-82
  -7.027  0.2295E-83  0.1664E-82
  -6.977  0.2295E-83  0.1676E-82
  -6.927  0.2295E-83  0.1687E-82
  -6.877  0.2295E-83  0.1699E-82
  -6.827  0.2295E-83  0.1710E-82
  -6.777  0.2295E-83  0.1722E-82
  -6.727  0.2295E-83  0.1733E-82
  -6.677  0.2295E-83  0.1745E-82
  -6.627  0.2295E-83  0.1756E-82
  -6.577  0.2295E-83  0.1767E-82
  -6.527  0.2295E-83  0.1779E-82
  -6.477  0.2295E-83  0.1790E-82
  -6.427  0.2295E-83  0.1802E-82
  -6.377  0.2295E-83  0.1813E-82
  -6.327  0.2295E-83  0.1825E-82
  -6.277  0.2295E-83  0.1836E-82
  -6.227  0.2295E-83  0.1848E-82
  -6.177  0.2295E-83  0.1859E-82
  -6.127  0.2295E-83  0.1871E-82
  -6.077  0.2295E-83  0.1882E-82
  -6.027  0.2295E-83  0.1894E-82
  -5.977  0.2295E-83  0.1905E-82
  -5.927  0.2295E-83  0.1917E-82
  -5.877  0.2295E-83  0.1928E-82
  -5.827  0.2295E-83  0.1940E-82
  -5.777  0.2295E-83  0.1951E-82
  -5.727  0.2295E-83  0.1963E-82
  -5.677  0.2295E-83  0.1974E-82
  -5.627  0.2295E-83  0.1986E-82
  -5.577  0.2295E-83  0.1997E-82
  -5.527  0.2295E-83  0.2009E-82
  -5.477  0.2295E-83  0.2020E-82
  -5.427  0.2295E-83  0.2031E-82
  -5.377  0.2295E-83  0.2043E-82
  -5.327  0.2296E-83  0.2054E-82
  -5.277  0.1151E-74  0.5757E-76
  -5.227  0.1563E-63  0.7813E-65
  -5.177  0.2639E-53  0.1319E-54
  -5.127  0.5543E-44  0.2772E-45
  -5.077  0.1449E-35  0.7245E-37
  -5.027  0.4712E-28  0.2356E-29
  -4.977  0.1906E-21  0.9532E-23
  -4.927  0.9596E-16  0.4798E-17
  -4.877  0.6010E-11  0.3005E-12
  -4.827  0.4683E-07  0.2342E-08
  -4.777  0.4540E-04  0.2272E-05
  -4.727  0.5483E-02  0.2764E-03
  -4.677  0.8499E-01  0.4526E-02
  -4.627  0.2909E+00  0.1907E-01
  -4.577  0.8708E+00  0.6261E-01
  -4.527  0.6339E+00  0.9431E-01
  -4.477  0.1664E+00  0.1026E+00
  -4.427  0.7939E+00  0.1423E+00
  -4.377  0.1059E+01  0.1953E+00
  -4.327  0.1038E+01  0.2472E+00
  -4.277  0.3211E+00  0.2632E+00
  -4.227  0.1735E-01  0.2641E+00
  -4.177  0.2277E+00  0.2755E+00
  -4.127  0.1583E+01  0.3546E+00
  -4.077  0.1372E+01  0.4232E+00
  -4.027  0.2918E+00  0.4378E+00
  -3.977  0.8480E+00  0.4802E+00
  -3.927  0.6164E+00  0.5110E+00
  -3.877  0.5741E-01  0.5139E+00
  -3.827  0.9722E-01  0.5188E+00
  -3.777  0.7936E+00  0.5584E+00
  -3.727  0.1536E+01  0.6353E+00
  -3.677  0.1992E+01  0.7349E+00
  -3.627  0.5597E+00  0.7628E+00
  -3.577  0.3404E-01  0.7645E+00
  -3.527  0.3248E+00  0.7808E+00
  -3.477  0.9595E+00  0.8288E+00
  -3.427  0.3555E+00  0.8465E+00
  -3.377  0.1992E+00  0.8565E+00
  -3.327  0.1570E+01  0.9350E+00
  -3.277  0.2083E+01  0.1039E+01
  -3.227  0.1519E+01  0.1115E+01
  -3.177  0.2060E+01  0.1218E+01
  -3.127  0.1529E+01  0.1295E+01
  -3.077  0.1166E+01  0.1353E+01
  -3.027  0.1100E+01  0.1408E+01
  -2.977  0.8353E+00  0.1450E+01
  -2.927  0.1088E+01  0.1504E+01
  -2.877  0.1617E+01  0.1585E+01
  -2.827  0.2955E+01  0.1733E+01
  -2.777  0.3554E+01  0.1910E+01
  -2.727  0.7776E+00  0.1949E+01
  -2.677  0.9068E+00  0.1995E+01
  -2.627  0.1911E+01  0.2090E+01
  -2.577  0.1788E+01  0.2180E+01
  -2.527  0.5651E+00  0.2208E+01
  -2.477  0.1737E+01  0.2295E+01
  -2.427  0.3847E+01  0.2487E+01
  -2.377  0.2498E+01  0.2612E+01
  -2.327  0.2006E+01  0.2712E+01
  -2.277  0.2621E+01  0.2843E+01
  -2.227  0.1558E+01  0.2921E+01
  -2.177  0.1368E+01  0.2990E+01
  -2.127  0.3314E+01  0.3155E+01
  -2.077  0.5832E+01  0.3447E+01
  -2.027  0.5096E+01  0.3702E+01
  -1.977  0.4742E+01  0.3939E+01
  -1.927  0.5876E+01  0.4233E+01
  -1.877  0.7846E+01  0.4625E+01
  -1.827  0.9267E+01  0.5088E+01
  -1.777  0.7256E+01  0.5451E+01
  -1.727  0.7420E+01  0.5822E+01
  -1.677  0.8042E+01  0.6224E+01
  -1.627  0.9976E+01  0.6723E+01
  -1.577  0.1417E+02  0.7432E+01
  -1.527  0.1334E+02  0.8099E+01
  -1.477  0.9105E+01  0.8554E+01
  -1.427  0.8043E+01  0.8956E+01
  -1.377  0.6287E+01  0.9270E+01
  -1.327  0.9655E+01  0.9753E+01
  -1.277  0.1306E+02  0.1041E+02
  -1.227  0.1275E+02  0.1104E+02
  -1.177  0.9969E+01  0.1154E+02
  -1.127  0.1345E+02  0.1221E+02
  -1.077  0.1377E+02  0.1290E+02
  -1.027  0.1450E+02  0.1363E+02
  -0.977  0.2360E+02  0.1481E+02
  -0.927  0.2071E+02  0.1584E+02
  -0.877  0.1496E+02  0.1659E+02
  -0.827  0.1870E+02  0.1753E+02
  -0.777  0.1677E+02  0.1836E+02
  -0.727  0.1443E+02  0.1909E+02
  -0.677  0.1824E+02  0.2000E+02
  -0.627  0.1986E+02  0.2099E+02
  -0.577  0.1477E+02  0.2173E+02
  -0.527  0.1351E+02  0.2240E+02
  -0.477  0.1601E+02  0.2321E+02
  -0.427  0.1487E+02  0.2395E+02
  -0.377  0.1210E+02  0.2455E+02
  -0.327  0.5132E+01  0.2481E+02
  -0.277  0.6797E+01  0.2515E+02
  -0.227  0.9088E+01  0.2560E+02
  -0.177  0.9560E+01  0.2608E+02
  -0.127  0.1178E+02  0.2667E+02
  -0.077  0.1497E+02  0.2742E+02
  -0.027  0.1504E+02  0.2817E+02
   0.023  0.1723E+02  0.2903E+02
   0.073  0.2173E+02  0.3012E+02
   0.123  0.1600E+02  0.3092E+02
   0.173  0.1371E+02  0.3161E+02
   0.223  0.1212E+02  0.3221E+02
   0.273  0.1383E+02  0.3290E+02
   0.323  0.1751E+02  0.3378E+02
   0.373  0.2226E+02  0.3489E+02
   0.423  0.1905E+02  0.3585E+02
   0.473  0.1299E+02  0.3649E+02
   0.523  0.1607E+02  0.3730E+02
   0.573  0.1412E+02  0.3800E+02
   0.623  0.1098E+02  0.3855E+02
   0.673  0.9352E+01  0.3902E+02
   0.723  0.9674E+01  0.3950E+02
   0.773  0.1639E+02  0.4032E+02
   0.823  0.1875E+02  0.4126E+02
   0.873  0.1936E+02  0.4223E+02
   0.923  0.1584E+02  0.4302E+02
   0.973  0.1718E+02  0.4388E+02
   1.023  0.2364E+02  0.4506E+02
   1.073  0.2534E+02  0.4633E+02
   1.123  0.2757E+02  0.4771E+02
   1.173  0.1726E+02  0.4857E+02
   1.223  0.1907E+02  0.4952E+02
   1.273  0.2319E+02  0.5068E+02
   1.323  0.2451E+02  0.5191E+02
   1.373  0.2436E+02  0.5313E+02
   1.423  0.3195E+02  0.5472E+02
   1.473  0.2703E+02  0.5608E+02
   1.523  0.2427E+02  0.5729E+02
   1.573  0.2673E+02  0.5863E+02
   1.623  0.2712E+02  0.5998E+02
   1.673  0.2754E+02  0.6136E+02
   1.723  0.1939E+02  0.6233E+02
   1.773  0.2641E+02  0.6365E+02
   1.823  0.3385E+02  0.6534E+02
   1.873  0.3513E+02  0.6710E+02
   1.923  0.2418E+02  0.6831E+02
   1.973  0.2132E+02  0.6937E+02
   2.023  0.1848E+02  0.7030E+02
   2.073  0.1587E+02  0.7109E+02
   2.123  0.1942E+02  0.7206E+02
   2.173  0.1906E+02  0.7301E+02
   2.223  0.1545E+02  0.7379E+02
   2.273  0.9589E+01  0.7427E+02
   2.323  0.5987E+01  0.7456E+02
   2.373  0.9190E+01  0.7502E+02
   2.423  0.1455E+02  0.7575E+02
   2.473  0.1594E+02  0.7655E+02
   2.523  0.2100E+02  0.7760E+02
   2.573  0.3263E+02  0.7923E+02
   2.623  0.2929E+02  0.8069E+02
   2.673  0.2466E+02  0.8193E+02
   2.723  0.2193E+02  0.8302E+02
   2.773  0.1809E+02  0.8393E+02
   2.823  0.1504E+02  0.8468E+02
   2.873  0.1291E+02  0.8533E+02
   2.923  0.1342E+02  0.8600E+02
   2.973  0.1258E+02  0.8663E+02
   3.023  0.1621E+02  0.8744E+02
   3.073  0.1902E+02  0.8839E+02
   3.123  0.1803E+02  0.8929E+02
   3.173  0.1633E+02  0.9011E+02
   3.223  0.1588E+02  0.9090E+02
   3.273  0.1518E+02  0.9166E+02
   3.323  0.2380E+02  0.9285E+02
   3.373  0.2233E+02  0.9396E+02
   3.423  0.1976E+02  0.9495E+02
   3.473  0.2464E+02  0.9618E+02
   3.523  0.2751E+02  0.9756E+02
   3.573  0.2638E+02  0.9888E+02
   3.623  0.2446E+02  0.1001E+03
   3.673  0.1979E+02  0.1011E+03
   3.723  0.2013E+02  0.1021E+03
   3.773  0.1788E+02  0.1030E+03
   3.823  0.1659E+02  0.1038E+03
   3.873  0.1402E+02  0.1045E+03
   3.923  0.1401E+02  0.1052E+03
   3.973  0.1910E+02  0.1062E+03
   4.023  0.1804E+02  0.1071E+03
   4.073  0.1910E+02  0.1080E+03
   4.123  0.2110E+02  0.1091E+03
   4.173  0.1390E+02  0.1098E+03
   4.223  0.1637E+02  0.1106E+03
   4.273  0.2469E+02  0.1118E+03
   4.323  0.2842E+02  0.1133E+03
   4.373  0.2672E+02  0.1146E+03
   4.423  0.2799E+02  0.1160E+03
   4.473  0.2387E+02  0.1172E+03
   4.523  0.2466E+02  0.1184E+03
   4.573  0.3036E+02  0.1199E+03
   4.623  0.2933E+02  0.1214E+03
   4.673  0.2225E+02  0.1225E+03
   4.723  0.1644E+02  0.1233E+03
   4.773  0.1478E+02  0.1241E+03
   4.823  0.1477E+02  0.1248E+03
   4.873  0.2159E+02  0.1259E+03
   4.923  0.1757E+02  0.1268E+03
   4.973  0.6736E+01  0.1271E+03
   5.023  0.6719E+01  0.1274E+03
   5.073  0.3789E+01  0.1276E+03
   5.123  0.2058E+01  0.1277E+03
   5.173  0.4070E+01  0.1279E+03
   5.223  0.8548E+01  0.1284E+03
   5.273  0.6877E+01  0.1287E+03
   5.323  0.2104E+01  0.1288E+03
   5.373  0.3298E+01  0.1290E+03
   5.423  0.6027E+01  0.1293E+03
   5.473  0.2829E+01  0.1294E+03
   5.523  0.1923E+01  0.1295E+03
   5.573  0.2995E+01  0.1297E+03
   5.623  0.5456E+01  0.1299E+03
   5.673  0.7567E+01  0.1303E+03
   5.723  0.2331E+01  0.1304E+03
   5.773  0.9685E+00  0.1305E+03
   5.823  0.3268E+01  0.1307E+03
   5.873  0.4582E+01  0.1309E+03
   5.923  0.3739E+01  0.1311E+03
   5.973  0.4393E+01  0.1313E+03
   6.023  0.3082E+01  0.1314E+03
   6.073  0.4097E+01  0.1316E+03
   6.123  0.4101E+01  0.1319E+03
   6.173  0.4098E+01  0.1321E+03
   6.223  0.1230E+01  0.1321E+03
   6.273  0.2141E+01  0.1322E+03
   6.323  0.4645E+01  0.1325E+03
   6.373  0.5538E+01  0.1327E+03
   6.423  0.4912E+01  0.1330E+03
   6.473  0.6070E+01  0.1333E+03
   6.523  0.4082E+01  0.1335E+03
   6.573  0.3361E+01  0.1337E+03
   6.623  0.1531E+01  0.1337E+03
   6.673  0.3638E+01  0.1339E+03
   6.723  0.2114E+01  0.1340E+03
   6.773  0.8434E+00  0.1341E+03
   6.823  0.2608E+01  0.1342E+03
   6.873  0.4531E+01  0.1344E+03
   6.923  0.6733E+01  0.1348E+03
   6.973  0.9081E+01  0.1352E+03
   7.023  0.6181E+01  0.1355E+03
   7.073  0.3202E+01  0.1357E+03
   7.123  0.2313E+01  0.1358E+03
   7.173  0.1397E+01  0.1359E+03
   7.223  0.2241E+01  0.1360E+03
   7.273  0.2704E+01  0.1361E+03
   7.323  0.2803E+01  0.1363E+03
   7.373  0.2082E+01  0.1364E+03
   7.423  0.5196E+01  0.1366E+03
   7.473  0.6691E+01  0.1370E+03
   7.523  0.6667E+01  0.1373E+03
   7.573  0.6274E+01  0.1376E+03
   7.623  0.2819E+01  0.1377E+03
   7.673  0.1557E+01  0.1378E+03
   7.723  0.1623E+01  0.1379E+03
   7.773  0.4334E+01  0.1381E+03
   7.823  0.4445E+01  0.1383E+03
   7.873  0.1993E+01  0.1384E+03
   7.923  0.4272E+01  0.1387E+03
   7.973  0.4256E+01  0.1389E+03
   8.023  0.1766E+01  0.1390E+03
   8.073  0.2071E+01  0.1391E+03
   8.123  0.2964E+01  0.1392E+03
   8.173  0.6461E+01  0.1395E+03
   8.223  0.4170E+01  0.1397E+03
   8.273  0.3228E+01  0.1399E+03
   8.323  0.3704E+01  0.1401E+03
   8.373  0.4055E+01  0.1403E+03
   8.423  0.2178E+01  0.1404E+03
   8.473  0.2561E+01  0.1405E+03
   8.523  0.4464E+01  0.1407E+03
   8.573  0.5574E+01  0.1410E+03
   8.623  0.3477E+01  0.1412E+03
   8.673  0.1821E+01  0.1413E+03
   8.723  0.9303E+00  0.1413E+03
   8.773  0.2953E+01  0.1415E+03
   8.823  0.4705E+01  0.1417E+03
   8.873  0.3377E+01  0.1419E+03
   8.923  0.3827E+01  0.1421E+03
   8.973  0.3800E+01  0.1423E+03
   9.023  0.2382E+01  0.1424E+03
   9.073  0.1050E+01  0.1424E+03
   9.123  0.1034E+01  0.1425E+03
   9.173  0.2163E+01  0.1426E+03
   9.223  0.3308E+01  0.1428E+03
   9.273  0.1142E+01  0.1428E+03
   9.323  0.1002E+01  0.1429E+03
   9.373  0.1529E+01  0.1429E+03
   9.423  0.1361E+01  0.1430E+03
   9.473  0.1553E+01  0.1431E+03
   9.523  0.1655E+01  0.1432E+03
   9.573  0.2104E+01  0.1433E+03
   9.623  0.1318E+01  0.1433E+03
   9.673  0.2596E+01  0.1435E+03
   9.723  0.1672E+01  0.1436E+03
   9.773  0.1841E+00  0.1436E+03
   9.823  0.2852E+00  0.1436E+03
   9.873  0.1525E+01  0.1437E+03
   9.923  0.2720E+01  0.1438E+03
   9.973  0.2256E+01  0.1439E+03
  10.023  0.1436E+01  0.1440E+03
  10.073  0.3458E+00  0.1440E+03
  10.123  0.1378E-01  0.1440E+03
  10.173  0.7150E-04  0.1440E+03
  10.223  0.4650E-07  0.1440E+03
  10.273  0.3766E-11  0.1440E+03
  10.323  0.3795E-16  0.1440E+03
  10.373  0.4759E-22  0.1440E+03
  10.423  0.7424E-29  0.1440E+03
  10.473  0.1441E-36  0.1440E+03
  10.523  0.3480E-45  0.1440E+03
  10.573  0.1045E-54  0.1440E+03
  10.623  0.3908E-65  0.1440E+03
  10.673  0.1818E-76  0.1440E+03
  10.723  0.2295E-83  0.1440E+03
  10.773  0.2295E-83  0.1440E+03
  10.823  0.2295E-83  0.1440E+03
  10.873  0.2295E-83  0.1440E+03
  10.923  0.2295E-83  0.1440E+03
  10.973  0.2295E-83  0.1440E+03
  11.023  0.2295E-83  0.1440E+03
  11.073  0.2295E-83  0.1440E+03
  11.123  0.2295E-83  0.1440E+03
  11.173  0.2295E-83  0.1440E+03
  11.223  0.2295E-83  0.1440E+03
  11.273  0.2295E-83  0.1440E+03
  11.323  0.2295E-83  0.1440E+03
  11.373  0.2295E-83  0.1440E+03
  11.423  0.2295E-83  0.1440E+03
  11.473  0.2295E-83  0.1440E+03
  11.523  0.2295E-83  0.1440E+03
  11.573  0.2295E-83  0.1440E+03
  11.623  0.2295E-83  0.1440E+03
  11.673  0.2295E-83  0.1440E+03
  11.723  0.2295E-83  0.1440E+03
  11.773  0.2295E-83  0.1440E+03
  11.823  0.2295E-83  0.1440E+03
  11.873  0.2295E-83  0.1440E+03
  11.923  0.2295E-83  0.1440E+03
  11.973  0.2295E-83  0.1440E+03
  12.023  0.2295E-83  0.1440E+03
  12.073  0.2295E-83  0.1440E+03
  12.123  0.2295E-83  0.1440E+03
  12.173  0.2295E-83  0.1440E+03
  12.223  0.2295E-83  0.1440E+03
  12.273  0.2295E-83  0.1440E+03
  12.323  0.2295E-83  0.1440E+03
  12.373  0.2295E-83  0.1440E+03
  12.423  0.2295E-83  0.1440E+03
  12.473  0.2295E-83  0.1440E+03
  12.523  0.2295E-83  0.1440E+03
  12.573  0.2295E-83  0.1440E+03
  12.623  0.2295E-83  0.1440E+03
  12.673  0.2295E-83  0.1440E+03
  12.723  0.2295E-83  0.1440E+03
  12.773  0.2295E-83  0.1440E+03
