# E (eV)   ldos(E)   pdos(E)   
 -17.864  0.143E-05  0.143E-05
 -17.814  0.957E-05  0.957E-05
 -17.764  0.512E-04  0.512E-04
 -17.714  0.219E-03  0.219E-03
 -17.664  0.751E-03  0.751E-03
 -17.614  0.206E-02  0.206E-02
 -17.564  0.451E-02  0.451E-02
 -17.514  0.790E-02  0.790E-02
 -17.464  0.111E-01  0.111E-01
 -17.414  0.124E-01  0.124E-01
 -17.364  0.112E-01  0.112E-01
 -17.314  0.801E-02  0.801E-02
 -17.264  0.460E-02  0.460E-02
 -17.214  0.211E-02  0.211E-02
 -17.164  0.776E-03  0.776E-03
 -17.114  0.228E-03  0.228E-03
 -17.064  0.537E-04  0.537E-04
 -17.014  0.101E-04  0.101E-04
 -16.964  0.152E-05  0.152E-05
 -16.914  0.183E-06  0.183E-06
 -16.864  0.176E-07  0.176E-07
 -16.814  0.136E-08  0.136E-08
 -16.764  0.836E-10  0.836E-10
 -16.714  0.412E-11  0.412E-11
 -16.664  0.162E-12  0.162E-12
 -16.614  0.000E+00  0.000E+00
 -16.564  0.000E+00  0.000E+00
 -16.514  0.000E+00  0.000E+00
 -16.464  0.000E+00  0.000E+00
 -16.414  0.000E+00  0.000E+00
 -16.364  0.000E+00  0.000E+00
 -16.314  0.000E+00  0.000E+00
 -16.264  0.000E+00  0.000E+00
 -16.214  0.000E+00  0.000E+00
 -16.164  0.000E+00  0.000E+00
 -16.114  0.000E+00  0.000E+00
 -16.064  0.000E+00  0.000E+00
 -16.014  0.000E+00  0.000E+00
 -15.964  0.000E+00  0.000E+00
 -15.914  0.000E+00  0.000E+00
 -15.864  0.000E+00  0.000E+00
 -15.814  0.000E+00  0.000E+00
 -15.764  0.000E+00  0.000E+00
 -15.714  0.000E+00  0.000E+00
 -15.664  0.000E+00  0.000E+00
 -15.614  0.000E+00  0.000E+00
 -15.564  0.000E+00  0.000E+00
 -15.514  0.000E+00  0.000E+00
 -15.464  0.000E+00  0.000E+00
 -15.414  0.000E+00  0.000E+00
 -15.364  0.000E+00  0.000E+00
 -15.314  0.000E+00  0.000E+00
 -15.264  0.000E+00  0.000E+00
 -15.214  0.000E+00  0.000E+00
 -15.164  0.000E+00  0.000E+00
 -15.114  0.000E+00  0.000E+00
 -15.064  0.000E+00  0.000E+00
 -15.014  0.000E+00  0.000E+00
 -14.964  0.000E+00  0.000E+00
 -14.914  0.000E+00  0.000E+00
 -14.864  0.000E+00  0.000E+00
 -14.814  0.000E+00  0.000E+00
 -14.764  0.000E+00  0.000E+00
 -14.714  0.000E+00  0.000E+00
 -14.664  0.000E+00  0.000E+00
 -14.614  0.000E+00  0.000E+00
 -14.564  0.000E+00  0.000E+00
 -14.514  0.000E+00  0.000E+00
 -14.464  0.000E+00  0.000E+00
 -14.414  0.000E+00  0.000E+00
 -14.364  0.000E+00  0.000E+00
 -14.314  0.000E+00  0.000E+00
 -14.264  0.000E+00  0.000E+00
 -14.214  0.000E+00  0.000E+00
 -14.164  0.000E+00  0.000E+00
 -14.114  0.000E+00  0.000E+00
 -14.064  0.000E+00  0.000E+00
 -14.014  0.000E+00  0.000E+00
 -13.964  0.000E+00  0.000E+00
 -13.914  0.000E+00  0.000E+00
 -13.864  0.000E+00  0.000E+00
 -13.814  0.000E+00  0.000E+00
 -13.764  0.000E+00  0.000E+00
 -13.714  0.000E+00  0.000E+00
 -13.664  0.000E+00  0.000E+00
 -13.614  0.000E+00  0.000E+00
 -13.564  0.000E+00  0.000E+00
 -13.514  0.000E+00  0.000E+00
 -13.464  0.000E+00  0.000E+00
 -13.414  0.000E+00  0.000E+00
 -13.364  0.000E+00  0.000E+00
 -13.314  0.000E+00  0.000E+00
 -13.264  0.000E+00  0.000E+00
 -13.214  0.000E+00  0.000E+00
 -13.164  0.000E+00  0.000E+00
 -13.114  0.000E+00  0.000E+00
 -13.064  0.000E+00  0.000E+00
 -13.014  0.000E+00  0.000E+00
 -12.964  0.000E+00  0.000E+00
 -12.914  0.000E+00  0.000E+00
 -12.864  0.000E+00  0.000E+00
 -12.814  0.000E+00  0.000E+00
 -12.764  0.000E+00  0.000E+00
 -12.714  0.000E+00  0.000E+00
 -12.664  0.000E+00  0.000E+00
 -12.614  0.000E+00  0.000E+00
 -12.564  0.000E+00  0.000E+00
 -12.514  0.000E+00  0.000E+00
 -12.464  0.000E+00  0.000E+00
 -12.414  0.000E+00  0.000E+00
 -12.364  0.000E+00  0.000E+00
 -12.314  0.000E+00  0.000E+00
 -12.264  0.000E+00  0.000E+00
 -12.214  0.000E+00  0.000E+00
 -12.164  0.000E+00  0.000E+00
 -12.114  0.000E+00  0.000E+00
 -12.064  0.000E+00  0.000E+00
 -12.014  0.000E+00  0.000E+00
 -11.964  0.000E+00  0.000E+00
 -11.914  0.000E+00  0.000E+00
 -11.864  0.000E+00  0.000E+00
 -11.814  0.000E+00  0.000E+00
 -11.764  0.000E+00  0.000E+00
 -11.714  0.000E+00  0.000E+00
 -11.664  0.000E+00  0.000E+00
 -11.614  0.000E+00  0.000E+00
 -11.564  0.000E+00  0.000E+00
 -11.514  0.000E+00  0.000E+00
 -11.464  0.000E+00  0.000E+00
 -11.414  0.000E+00  0.000E+00
 -11.364  0.000E+00  0.000E+00
 -11.314  0.000E+00  0.000E+00
 -11.264  0.000E+00  0.000E+00
 -11.214  0.000E+00  0.000E+00
 -11.164  0.000E+00  0.000E+00
 -11.114  0.000E+00  0.000E+00
 -11.064  0.000E+00  0.000E+00
 -11.014  0.000E+00  0.000E+00
 -10.964  0.000E+00  0.000E+00
 -10.914  0.000E+00  0.000E+00
 -10.864  0.000E+00  0.000E+00
 -10.814  0.000E+00  0.000E+00
 -10.764  0.000E+00  0.000E+00
 -10.714  0.000E+00  0.000E+00
 -10.664  0.000E+00  0.000E+00
 -10.614  0.000E+00  0.000E+00
 -10.564  0.000E+00  0.000E+00
 -10.514  0.000E+00  0.000E+00
 -10.464  0.000E+00  0.000E+00
 -10.414  0.000E+00  0.000E+00
 -10.364  0.000E+00  0.000E+00
 -10.314  0.000E+00  0.000E+00
 -10.264  0.000E+00  0.000E+00
 -10.214  0.000E+00  0.000E+00
 -10.164  0.000E+00  0.000E+00
 -10.114  0.000E+00  0.000E+00
 -10.064  0.000E+00  0.000E+00
 -10.014  0.000E+00  0.000E+00
  -9.964  0.000E+00  0.000E+00
  -9.914  0.000E+00  0.000E+00
  -9.864  0.000E+00  0.000E+00
  -9.814  0.000E+00  0.000E+00
  -9.764  0.000E+00  0.000E+00
  -9.714  0.000E+00  0.000E+00
  -9.664  0.000E+00  0.000E+00
  -9.614  0.000E+00  0.000E+00
  -9.564  0.000E+00  0.000E+00
  -9.514  0.000E+00  0.000E+00
  -9.464  0.000E+00  0.000E+00
  -9.414  0.000E+00  0.000E+00
  -9.364  0.000E+00  0.000E+00
  -9.314  0.000E+00  0.000E+00
  -9.264  0.000E+00  0.000E+00
  -9.214  0.000E+00  0.000E+00
  -9.164  0.000E+00  0.000E+00
  -9.114  0.000E+00  0.000E+00
  -9.064  0.000E+00  0.000E+00
  -9.014  0.000E+00  0.000E+00
  -8.964  0.000E+00  0.000E+00
  -8.914  0.000E+00  0.000E+00
  -8.864  0.000E+00  0.000E+00
  -8.814  0.000E+00  0.000E+00
  -8.764  0.000E+00  0.000E+00
  -8.714  0.000E+00  0.000E+00
  -8.664  0.000E+00  0.000E+00
  -8.614  0.000E+00  0.000E+00
  -8.564  0.000E+00  0.000E+00
  -8.514  0.000E+00  0.000E+00
  -8.464  0.000E+00  0.000E+00
  -8.414  0.000E+00  0.000E+00
  -8.364  0.000E+00  0.000E+00
  -8.314  0.000E+00  0.000E+00
  -8.264  0.000E+00  0.000E+00
  -8.214  0.000E+00  0.000E+00
  -8.164  0.000E+00  0.000E+00
  -8.114  0.000E+00  0.000E+00
  -8.064  0.000E+00  0.000E+00
  -8.014  0.000E+00  0.000E+00
  -7.964  0.000E+00  0.000E+00
  -7.914  0.000E+00  0.000E+00
  -7.864  0.000E+00  0.000E+00
  -7.814  0.000E+00  0.000E+00
  -7.764  0.000E+00  0.000E+00
  -7.714  0.000E+00  0.000E+00
  -7.664  0.000E+00  0.000E+00
  -7.614  0.000E+00  0.000E+00
  -7.564  0.000E+00  0.000E+00
  -7.514  0.000E+00  0.000E+00
  -7.464  0.000E+00  0.000E+00
  -7.414  0.000E+00  0.000E+00
  -7.364  0.000E+00  0.000E+00
  -7.314  0.000E+00  0.000E+00
  -7.264  0.000E+00  0.000E+00
  -7.214  0.000E+00  0.000E+00
  -7.164  0.000E+00  0.000E+00
  -7.114  0.000E+00  0.000E+00
  -7.064  0.000E+00  0.000E+00
  -7.014  0.000E+00  0.000E+00
  -6.964  0.000E+00  0.000E+00
  -6.914  0.000E+00  0.000E+00
  -6.864  0.000E+00  0.000E+00
  -6.814  0.000E+00  0.000E+00
  -6.764  0.000E+00  0.000E+00
  -6.714  0.000E+00  0.000E+00
  -6.664  0.000E+00  0.000E+00
  -6.614  0.113E-12  0.113E-12
  -6.564  0.304E-11  0.304E-11
  -6.514  0.655E-10  0.655E-10
  -6.464  0.113E-08  0.113E-08
  -6.414  0.157E-07  0.157E-07
  -6.364  0.176E-06  0.176E-06
  -6.314  0.159E-05  0.159E-05
  -6.264  0.116E-04  0.116E-04
  -6.214  0.681E-04  0.681E-04
  -6.164  0.326E-03  0.326E-03
  -6.114  0.127E-02  0.127E-02
  -6.064  0.403E-02  0.403E-02
  -6.014  0.105E-01  0.105E-01
  -5.964  0.228E-01  0.228E-01
  -5.914  0.416E-01  0.416E-01
  -5.864  0.647E-01  0.647E-01
  -5.814  0.884E-01  0.884E-01
  -5.764  0.109E+00  0.109E+00
  -5.714  0.127E+00  0.127E+00
  -5.664  0.142E+00  0.142E+00
  -5.614  0.150E+00  0.150E+00
  -5.564  0.146E+00  0.146E+00
  -5.514  0.127E+00  0.127E+00
  -5.464  0.944E-01  0.944E-01
  -5.414  0.591E-01  0.591E-01
  -5.364  0.306E-01  0.306E-01
  -5.314  0.130E-01  0.130E-01
  -5.264  0.449E-02  0.449E-02
  -5.214  0.126E-02  0.126E-02
  -5.164  0.285E-03  0.285E-03
  -5.114  0.521E-04  0.521E-04
  -5.064  0.768E-05  0.768E-05
  -5.014  0.910E-06  0.910E-06
  -4.964  0.867E-07  0.867E-07
  -4.914  0.664E-08  0.664E-08
  -4.864  0.408E-09  0.408E-09
  -4.814  0.207E-10  0.207E-10
  -4.764  0.121E-10  0.121E-10
  -4.714  0.170E-09  0.170E-09
  -4.664  0.207E-08  0.207E-08
  -4.614  0.204E-07  0.204E-07
  -4.564  0.164E-06  0.164E-06
  -4.514  0.107E-05  0.107E-05
  -4.464  0.567E-05  0.567E-05
  -4.414  0.247E-04  0.247E-04
  -4.364  0.886E-04  0.886E-04
  -4.314  0.261E-03  0.261E-03
  -4.264  0.635E-03  0.635E-03
  -4.214  0.128E-02  0.128E-02
  -4.164  0.216E-02  0.216E-02
  -4.114  0.310E-02  0.310E-02
  -4.064  0.390E-02  0.390E-02
  -4.014  0.449E-02  0.449E-02
  -3.964  0.486E-02  0.486E-02
  -3.914  0.497E-02  0.497E-02
  -3.864  0.482E-02  0.482E-02
  -3.814  0.457E-02  0.457E-02
  -3.764  0.456E-02  0.456E-02
  -3.714  0.491E-02  0.491E-02
  -3.664  0.536E-02  0.536E-02
  -3.614  0.549E-02  0.549E-02
  -3.564  0.516E-02  0.516E-02
  -3.514  0.464E-02  0.464E-02
  -3.464  0.441E-02  0.441E-02
  -3.414  0.482E-02  0.482E-02
  -3.364  0.581E-02  0.581E-02
  -3.314  0.681E-02  0.681E-02
  -3.264  0.715E-02  0.715E-02
  -3.214  0.668E-02  0.668E-02
  -3.164  0.586E-02  0.586E-02
  -3.114  0.535E-02  0.535E-02
  -3.064  0.557E-02  0.557E-02
  -3.014  0.659E-02  0.659E-02
  -2.964  0.830E-02  0.830E-02
  -2.914  0.105E-01  0.105E-01
  -2.864  0.128E-01  0.128E-01
  -2.814  0.150E-01  0.150E-01
  -2.764  0.171E-01  0.171E-01
  -2.714  0.192E-01  0.192E-01
  -2.664  0.220E-01  0.220E-01
  -2.614  0.258E-01  0.258E-01
  -2.564  0.301E-01  0.301E-01
  -2.514  0.341E-01  0.341E-01
  -2.464  0.375E-01  0.375E-01
  -2.414  0.401E-01  0.401E-01
  -2.364  0.427E-01  0.427E-01
  -2.314  0.463E-01  0.463E-01
  -2.264  0.519E-01  0.519E-01
  -2.214  0.601E-01  0.601E-01
  -2.164  0.701E-01  0.701E-01
  -2.114  0.813E-01  0.813E-01
  -2.064  0.944E-01  0.944E-01
  -2.014  0.111E+00  0.111E+00
  -1.964  0.130E+00  0.130E+00
  -1.914  0.149E+00  0.149E+00
  -1.864  0.163E+00  0.163E+00
  -1.814  0.167E+00  0.167E+00
  -1.764  0.161E+00  0.161E+00
  -1.714  0.145E+00  0.145E+00
  -1.664  0.125E+00  0.125E+00
  -1.614  0.104E+00  0.104E+00
  -1.564  0.872E-01  0.872E-01
  -1.514  0.721E-01  0.721E-01
  -1.464  0.573E-01  0.573E-01
  -1.414  0.422E-01  0.422E-01
  -1.364  0.290E-01  0.290E-01
  -1.314  0.195E-01  0.195E-01
  -1.264  0.144E-01  0.144E-01
  -1.214  0.126E-01  0.126E-01
  -1.164  0.127E-01  0.127E-01
  -1.114  0.139E-01  0.139E-01
  -1.064  0.164E-01  0.164E-01
  -1.014  0.216E-01  0.216E-01
  -0.964  0.313E-01  0.313E-01
  -0.914  0.462E-01  0.462E-01
  -0.864  0.638E-01  0.638E-01
  -0.814  0.793E-01  0.793E-01
  -0.764  0.888E-01  0.888E-01
  -0.714  0.921E-01  0.921E-01
  -0.664  0.926E-01  0.926E-01
  -0.614  0.939E-01  0.939E-01
  -0.564  0.977E-01  0.977E-01
  -0.514  0.103E+00  0.103E+00
  -0.464  0.109E+00  0.109E+00
  -0.414  0.111E+00  0.111E+00
  -0.364  0.109E+00  0.109E+00
  -0.314  0.106E+00  0.106E+00
  -0.264  0.103E+00  0.103E+00
  -0.214  0.102E+00  0.102E+00
  -0.164  0.101E+00  0.101E+00
  -0.114  0.983E-01  0.983E-01
  -0.064  0.931E-01  0.931E-01
  -0.014  0.844E-01  0.844E-01
   0.036  0.729E-01  0.729E-01
   0.086  0.602E-01  0.602E-01
   0.136  0.488E-01  0.488E-01
   0.186  0.403E-01  0.403E-01
   0.236  0.351E-01  0.351E-01
   0.286  0.322E-01  0.322E-01
   0.336  0.302E-01  0.302E-01
   0.386  0.280E-01  0.280E-01
   0.436  0.254E-01  0.254E-01
   0.486  0.230E-01  0.230E-01
   0.536  0.217E-01  0.217E-01
   0.586  0.217E-01  0.217E-01
   0.636  0.228E-01  0.228E-01
   0.686  0.243E-01  0.243E-01
   0.736  0.251E-01  0.251E-01
   0.786  0.244E-01  0.244E-01
   0.836  0.222E-01  0.222E-01
   0.886  0.194E-01  0.194E-01
   0.936  0.172E-01  0.172E-01
   0.986  0.165E-01  0.165E-01
   1.036  0.172E-01  0.172E-01
   1.086  0.189E-01  0.189E-01
   1.136  0.215E-01  0.215E-01
   1.186  0.250E-01  0.250E-01
   1.236  0.292E-01  0.292E-01
   1.286  0.335E-01  0.335E-01
   1.336  0.371E-01  0.371E-01
   1.386  0.391E-01  0.391E-01
   1.436  0.394E-01  0.394E-01
   1.486  0.383E-01  0.383E-01
   1.536  0.363E-01  0.363E-01
   1.586  0.337E-01  0.337E-01
   1.636  0.310E-01  0.310E-01
   1.686  0.285E-01  0.285E-01
   1.736  0.269E-01  0.269E-01
   1.786  0.263E-01  0.263E-01
   1.836  0.270E-01  0.270E-01
   1.886  0.291E-01  0.291E-01
   1.936  0.325E-01  0.325E-01
   1.986  0.368E-01  0.368E-01
   2.036  0.411E-01  0.411E-01
   2.086  0.441E-01  0.441E-01
   2.136  0.447E-01  0.447E-01
   2.186  0.432E-01  0.432E-01
   2.236  0.408E-01  0.408E-01
   2.286  0.392E-01  0.392E-01
   2.336  0.389E-01  0.389E-01
   2.386  0.391E-01  0.391E-01
   2.436  0.385E-01  0.385E-01
   2.486  0.360E-01  0.360E-01
   2.536  0.319E-01  0.319E-01
   2.586  0.279E-01  0.279E-01
   2.636  0.261E-01  0.261E-01
   2.686  0.268E-01  0.268E-01
   2.736  0.293E-01  0.293E-01
   2.786  0.319E-01  0.319E-01
   2.836  0.332E-01  0.332E-01
   2.886  0.330E-01  0.330E-01
   2.936  0.318E-01  0.318E-01
   2.986  0.305E-01  0.305E-01
   3.036  0.288E-01  0.288E-01
   3.086  0.269E-01  0.269E-01
   3.136  0.248E-01  0.248E-01
   3.186  0.228E-01  0.228E-01
   3.236  0.215E-01  0.215E-01
   3.286  0.206E-01  0.206E-01
   3.336  0.203E-01  0.203E-01
   3.386  0.209E-01  0.209E-01
   3.436  0.228E-01  0.228E-01
   3.486  0.257E-01  0.257E-01
   3.536  0.289E-01  0.289E-01
   3.586  0.314E-01  0.314E-01
   3.636  0.332E-01  0.332E-01
   3.686  0.347E-01  0.347E-01
   3.736  0.362E-01  0.362E-01
   3.786  0.374E-01  0.374E-01
   3.836  0.377E-01  0.377E-01
   3.886  0.372E-01  0.372E-01
   3.936  0.361E-01  0.361E-01
   3.986  0.352E-01  0.352E-01
   4.036  0.348E-01  0.348E-01
   4.086  0.347E-01  0.347E-01
   4.136  0.345E-01  0.345E-01
   4.186  0.336E-01  0.336E-01
   4.236  0.322E-01  0.322E-01
   4.286  0.312E-01  0.312E-01
   4.336  0.306E-01  0.306E-01
   4.386  0.302E-01  0.302E-01
   4.436  0.290E-01  0.290E-01
   4.486  0.269E-01  0.269E-01
   4.536  0.244E-01  0.244E-01
   4.586  0.220E-01  0.220E-01
   4.636  0.204E-01  0.204E-01
   4.686  0.197E-01  0.197E-01
   4.736  0.199E-01  0.199E-01
   4.786  0.206E-01  0.206E-01
   4.836  0.214E-01  0.214E-01
   4.886  0.219E-01  0.219E-01
   4.936  0.218E-01  0.218E-01
   4.986  0.216E-01  0.216E-01
   5.036  0.219E-01  0.219E-01
   5.086  0.233E-01  0.233E-01
   5.136  0.256E-01  0.256E-01
   5.186  0.278E-01  0.278E-01
   5.236  0.294E-01  0.294E-01
   5.286  0.308E-01  0.308E-01
   5.336  0.325E-01  0.325E-01
   5.386  0.349E-01  0.349E-01
   5.436  0.375E-01  0.375E-01
   5.486  0.393E-01  0.393E-01
   5.536  0.392E-01  0.392E-01
   5.586  0.372E-01  0.372E-01
   5.636  0.340E-01  0.340E-01
   5.686  0.310E-01  0.310E-01
   5.736  0.292E-01  0.292E-01
   5.786  0.289E-01  0.289E-01
   5.836  0.298E-01  0.298E-01
   5.886  0.309E-01  0.309E-01
   5.936  0.314E-01  0.314E-01
   5.986  0.315E-01  0.315E-01
   6.036  0.319E-01  0.319E-01
   6.086  0.327E-01  0.327E-01
   6.136  0.338E-01  0.338E-01
   6.186  0.349E-01  0.349E-01
   6.236  0.366E-01  0.366E-01
   6.286  0.400E-01  0.400E-01
   6.336  0.445E-01  0.445E-01
   6.386  0.478E-01  0.478E-01
   6.436  0.476E-01  0.476E-01
   6.486  0.443E-01  0.443E-01
   6.536  0.400E-01  0.400E-01
   6.586  0.367E-01  0.367E-01
   6.636  0.347E-01  0.347E-01
   6.686  0.335E-01  0.335E-01
   6.736  0.327E-01  0.327E-01
   6.786  0.326E-01  0.326E-01
   6.836  0.335E-01  0.335E-01
   6.886  0.357E-01  0.357E-01
   6.936  0.399E-01  0.399E-01
   6.986  0.461E-01  0.461E-01
   7.036  0.526E-01  0.526E-01
   7.086  0.568E-01  0.568E-01
   7.136  0.571E-01  0.571E-01
   7.186  0.548E-01  0.548E-01
   7.236  0.531E-01  0.531E-01
   7.286  0.547E-01  0.547E-01
   7.336  0.607E-01  0.607E-01
   7.386  0.704E-01  0.704E-01
   7.436  0.811E-01  0.811E-01
   7.486  0.872E-01  0.872E-01
   7.536  0.839E-01  0.839E-01
   7.586  0.709E-01  0.709E-01
   7.636  0.538E-01  0.538E-01
   7.686  0.404E-01  0.404E-01
   7.736  0.355E-01  0.355E-01
   7.786  0.387E-01  0.387E-01
   7.836  0.464E-01  0.464E-01
   7.886  0.550E-01  0.550E-01
   7.936  0.648E-01  0.648E-01
   7.986  0.777E-01  0.777E-01
   8.036  0.932E-01  0.932E-01
   8.086  0.106E+00  0.106E+00
   8.136  0.110E+00  0.110E+00
   8.186  0.103E+00  0.103E+00
   8.236  0.905E-01  0.905E-01
   8.286  0.776E-01  0.776E-01
   8.336  0.667E-01  0.667E-01
   8.386  0.580E-01  0.580E-01
   8.436  0.521E-01  0.521E-01
   8.486  0.503E-01  0.503E-01
   8.536  0.532E-01  0.532E-01
   8.586  0.595E-01  0.595E-01
   8.636  0.666E-01  0.666E-01
   8.686  0.720E-01  0.720E-01
   8.736  0.741E-01  0.741E-01
   8.786  0.730E-01  0.730E-01
   8.836  0.693E-01  0.693E-01
   8.886  0.634E-01  0.634E-01
   8.936  0.561E-01  0.561E-01
   8.986  0.491E-01  0.491E-01
   9.036  0.454E-01  0.454E-01
   9.086  0.477E-01  0.477E-01
   9.136  0.562E-01  0.562E-01
   9.186  0.680E-01  0.680E-01
   9.236  0.789E-01  0.789E-01
   9.286  0.849E-01  0.849E-01
   9.336  0.845E-01  0.845E-01
   9.386  0.783E-01  0.783E-01
   9.436  0.688E-01  0.688E-01
   9.486  0.590E-01  0.590E-01
   9.536  0.511E-01  0.511E-01
   9.586  0.457E-01  0.457E-01
   9.636  0.422E-01  0.422E-01
   9.686  0.394E-01  0.394E-01
   9.736  0.380E-01  0.380E-01
   9.786  0.389E-01  0.389E-01
   9.836  0.415E-01  0.415E-01
   9.886  0.435E-01  0.435E-01
   9.936  0.427E-01  0.427E-01
   9.986  0.397E-01  0.397E-01
  10.036  0.369E-01  0.369E-01
  10.086  0.357E-01  0.357E-01
  10.136  0.346E-01  0.346E-01
  10.186  0.310E-01  0.310E-01
  10.236  0.243E-01  0.243E-01
  10.286  0.162E-01  0.162E-01
  10.336  0.896E-02  0.896E-02
  10.386  0.410E-02  0.410E-02
  10.436  0.155E-02  0.155E-02
  10.486  0.479E-03  0.479E-03
  10.536  0.122E-03  0.122E-03
  10.586  0.257E-04  0.257E-04
  10.636  0.446E-05  0.446E-05
  10.686  0.640E-06  0.640E-06
  10.736  0.762E-07  0.762E-07
