# E (eV)   ldos(E)   pdos(E)    pdos(E)    pdos(E)   
 -17.864  0.666E-04  0.666E-04  0.525E-09  0.525E-09
 -17.814  0.446E-03  0.446E-03  0.351E-08  0.351E-08
 -17.764  0.239E-02  0.239E-02  0.188E-07  0.188E-07
 -17.714  0.102E-01  0.102E-01  0.804E-07  0.804E-07
 -17.664  0.351E-01  0.351E-01  0.275E-06  0.275E-06
 -17.614  0.963E-01  0.963E-01  0.755E-06  0.754E-06
 -17.564  0.211E+00  0.211E+00  0.165E-05  0.165E-05
 -17.514  0.371E+00  0.371E+00  0.290E-05  0.290E-05
 -17.464  0.520E+00  0.520E+00  0.407E-05  0.406E-05
 -17.414  0.584E+00  0.584E+00  0.456E-05  0.456E-05
 -17.364  0.525E+00  0.525E+00  0.409E-05  0.409E-05
 -17.314  0.377E+00  0.377E+00  0.294E-05  0.294E-05
 -17.264  0.217E+00  0.217E+00  0.169E-05  0.169E-05
 -17.214  0.996E-01  0.996E-01  0.775E-06  0.775E-06
 -17.164  0.366E-01  0.366E-01  0.285E-06  0.285E-06
 -17.114  0.108E-01  0.108E-01  0.837E-07  0.837E-07
 -17.064  0.254E-02  0.254E-02  0.197E-07  0.197E-07
 -17.014  0.478E-03  0.478E-03  0.370E-08  0.370E-08
 -16.964  0.720E-04  0.720E-04  0.557E-09  0.557E-09
 -16.914  0.867E-05  0.867E-05  0.670E-10  0.670E-10
 -16.864  0.836E-06  0.836E-06  0.646E-11  0.645E-11
 -16.814  0.644E-07  0.644E-07  0.497E-12  0.497E-12
 -16.764  0.397E-08  0.397E-08  0.306E-13  0.306E-13
 -16.714  0.196E-09  0.196E-09  0.151E-14  0.151E-14
 -16.664  0.774E-11  0.774E-11  0.595E-16  0.595E-16
 -16.614  0.000E+00  0.000E+00  0.000E+00  0.000E+00
 -16.564  0.000E+00  0.000E+00  0.000E+00  0.000E+00
 -16.514  0.000E+00  0.000E+00  0.000E+00  0.000E+00
 -16.464  0.000E+00  0.000E+00  0.000E+00  0.000E+00
 -16.414  0.000E+00  0.000E+00  0.000E+00  0.000E+00
 -16.364  0.000E+00  0.000E+00  0.000E+00  0.000E+00
 -16.314  0.000E+00  0.000E+00  0.000E+00  0.000E+00
 -16.264  0.000E+00  0.000E+00  0.000E+00  0.000E+00
 -16.214  0.000E+00  0.000E+00  0.000E+00  0.000E+00
 -16.164  0.000E+00  0.000E+00  0.000E+00  0.000E+00
 -16.114  0.000E+00  0.000E+00  0.000E+00  0.000E+00
 -16.064  0.000E+00  0.000E+00  0.000E+00  0.000E+00
 -16.014  0.000E+00  0.000E+00  0.000E+00  0.000E+00
 -15.964  0.000E+00  0.000E+00  0.000E+00  0.000E+00
 -15.914  0.000E+00  0.000E+00  0.000E+00  0.000E+00
 -15.864  0.000E+00  0.000E+00  0.000E+00  0.000E+00
 -15.814  0.000E+00  0.000E+00  0.000E+00  0.000E+00
 -15.764  0.000E+00  0.000E+00  0.000E+00  0.000E+00
 -15.714  0.000E+00  0.000E+00  0.000E+00  0.000E+00
 -15.664  0.000E+00  0.000E+00  0.000E+00  0.000E+00
 -15.614  0.000E+00  0.000E+00  0.000E+00  0.000E+00
 -15.564  0.000E+00  0.000E+00  0.000E+00  0.000E+00
 -15.514  0.000E+00  0.000E+00  0.000E+00  0.000E+00
 -15.464  0.000E+00  0.000E+00  0.000E+00  0.000E+00
 -15.414  0.000E+00  0.000E+00  0.000E+00  0.000E+00
 -15.364  0.000E+00  0.000E+00  0.000E+00  0.000E+00
 -15.314  0.000E+00  0.000E+00  0.000E+00  0.000E+00
 -15.264  0.000E+00  0.000E+00  0.000E+00  0.000E+00
 -15.214  0.000E+00  0.000E+00  0.000E+00  0.000E+00
 -15.164  0.000E+00  0.000E+00  0.000E+00  0.000E+00
 -15.114  0.000E+00  0.000E+00  0.000E+00  0.000E+00
 -15.064  0.000E+00  0.000E+00  0.000E+00  0.000E+00
 -15.014  0.000E+00  0.000E+00  0.000E+00  0.000E+00
 -14.964  0.000E+00  0.000E+00  0.000E+00  0.000E+00
 -14.914  0.000E+00  0.000E+00  0.000E+00  0.000E+00
 -14.864  0.000E+00  0.000E+00  0.000E+00  0.000E+00
 -14.814  0.000E+00  0.000E+00  0.000E+00  0.000E+00
 -14.764  0.000E+00  0.000E+00  0.000E+00  0.000E+00
 -14.714  0.000E+00  0.000E+00  0.000E+00  0.000E+00
 -14.664  0.000E+00  0.000E+00  0.000E+00  0.000E+00
 -14.614  0.000E+00  0.000E+00  0.000E+00  0.000E+00
 -14.564  0.000E+00  0.000E+00  0.000E+00  0.000E+00
 -14.514  0.000E+00  0.000E+00  0.000E+00  0.000E+00
 -14.464  0.000E+00  0.000E+00  0.000E+00  0.000E+00
 -14.414  0.000E+00  0.000E+00  0.000E+00  0.000E+00
 -14.364  0.000E+00  0.000E+00  0.000E+00  0.000E+00
 -14.314  0.000E+00  0.000E+00  0.000E+00  0.000E+00
 -14.264  0.000E+00  0.000E+00  0.000E+00  0.000E+00
 -14.214  0.000E+00  0.000E+00  0.000E+00  0.000E+00
 -14.164  0.000E+00  0.000E+00  0.000E+00  0.000E+00
 -14.114  0.000E+00  0.000E+00  0.000E+00  0.000E+00
 -14.064  0.000E+00  0.000E+00  0.000E+00  0.000E+00
 -14.014  0.000E+00  0.000E+00  0.000E+00  0.000E+00
 -13.964  0.000E+00  0.000E+00  0.000E+00  0.000E+00
 -13.914  0.000E+00  0.000E+00  0.000E+00  0.000E+00
 -13.864  0.000E+00  0.000E+00  0.000E+00  0.000E+00
 -13.814  0.000E+00  0.000E+00  0.000E+00  0.000E+00
 -13.764  0.000E+00  0.000E+00  0.000E+00  0.000E+00
 -13.714  0.000E+00  0.000E+00  0.000E+00  0.000E+00
 -13.664  0.000E+00  0.000E+00  0.000E+00  0.000E+00
 -13.614  0.000E+00  0.000E+00  0.000E+00  0.000E+00
 -13.564  0.000E+00  0.000E+00  0.000E+00  0.000E+00
 -13.514  0.000E+00  0.000E+00  0.000E+00  0.000E+00
 -13.464  0.000E+00  0.000E+00  0.000E+00  0.000E+00
 -13.414  0.000E+00  0.000E+00  0.000E+00  0.000E+00
 -13.364  0.000E+00  0.000E+00  0.000E+00  0.000E+00
 -13.314  0.000E+00  0.000E+00  0.000E+00  0.000E+00
 -13.264  0.000E+00  0.000E+00  0.000E+00  0.000E+00
 -13.214  0.000E+00  0.000E+00  0.000E+00  0.000E+00
 -13.164  0.000E+00  0.000E+00  0.000E+00  0.000E+00
 -13.114  0.000E+00  0.000E+00  0.000E+00  0.000E+00
 -13.064  0.000E+00  0.000E+00  0.000E+00  0.000E+00
 -13.014  0.000E+00  0.000E+00  0.000E+00  0.000E+00
 -12.964  0.000E+00  0.000E+00  0.000E+00  0.000E+00
 -12.914  0.000E+00  0.000E+00  0.000E+00  0.000E+00
 -12.864  0.000E+00  0.000E+00  0.000E+00  0.000E+00
 -12.814  0.000E+00  0.000E+00  0.000E+00  0.000E+00
 -12.764  0.000E+00  0.000E+00  0.000E+00  0.000E+00
 -12.714  0.000E+00  0.000E+00  0.000E+00  0.000E+00
 -12.664  0.000E+00  0.000E+00  0.000E+00  0.000E+00
 -12.614  0.000E+00  0.000E+00  0.000E+00  0.000E+00
 -12.564  0.000E+00  0.000E+00  0.000E+00  0.000E+00
 -12.514  0.000E+00  0.000E+00  0.000E+00  0.000E+00
 -12.464  0.000E+00  0.000E+00  0.000E+00  0.000E+00
 -12.414  0.000E+00  0.000E+00  0.000E+00  0.000E+00
 -12.364  0.000E+00  0.000E+00  0.000E+00  0.000E+00
 -12.314  0.000E+00  0.000E+00  0.000E+00  0.000E+00
 -12.264  0.000E+00  0.000E+00  0.000E+00  0.000E+00
 -12.214  0.000E+00  0.000E+00  0.000E+00  0.000E+00
 -12.164  0.000E+00  0.000E+00  0.000E+00  0.000E+00
 -12.114  0.000E+00  0.000E+00  0.000E+00  0.000E+00
 -12.064  0.000E+00  0.000E+00  0.000E+00  0.000E+00
 -12.014  0.000E+00  0.000E+00  0.000E+00  0.000E+00
 -11.964  0.000E+00  0.000E+00  0.000E+00  0.000E+00
 -11.914  0.000E+00  0.000E+00  0.000E+00  0.000E+00
 -11.864  0.000E+00  0.000E+00  0.000E+00  0.000E+00
 -11.814  0.000E+00  0.000E+00  0.000E+00  0.000E+00
 -11.764  0.000E+00  0.000E+00  0.000E+00  0.000E+00
 -11.714  0.000E+00  0.000E+00  0.000E+00  0.000E+00
 -11.664  0.000E+00  0.000E+00  0.000E+00  0.000E+00
 -11.614  0.000E+00  0.000E+00  0.000E+00  0.000E+00
 -11.564  0.000E+00  0.000E+00  0.000E+00  0.000E+00
 -11.514  0.000E+00  0.000E+00  0.000E+00  0.000E+00
 -11.464  0.000E+00  0.000E+00  0.000E+00  0.000E+00
 -11.414  0.000E+00  0.000E+00  0.000E+00  0.000E+00
 -11.364  0.000E+00  0.000E+00  0.000E+00  0.000E+00
 -11.314  0.000E+00  0.000E+00  0.000E+00  0.000E+00
 -11.264  0.000E+00  0.000E+00  0.000E+00  0.000E+00
 -11.214  0.000E+00  0.000E+00  0.000E+00  0.000E+00
 -11.164  0.000E+00  0.000E+00  0.000E+00  0.000E+00
 -11.114  0.000E+00  0.000E+00  0.000E+00  0.000E+00
 -11.064  0.000E+00  0.000E+00  0.000E+00  0.000E+00
 -11.014  0.000E+00  0.000E+00  0.000E+00  0.000E+00
 -10.964  0.000E+00  0.000E+00  0.000E+00  0.000E+00
 -10.914  0.000E+00  0.000E+00  0.000E+00  0.000E+00
 -10.864  0.000E+00  0.000E+00  0.000E+00  0.000E+00
 -10.814  0.000E+00  0.000E+00  0.000E+00  0.000E+00
 -10.764  0.000E+00  0.000E+00  0.000E+00  0.000E+00
 -10.714  0.000E+00  0.000E+00  0.000E+00  0.000E+00
 -10.664  0.000E+00  0.000E+00  0.000E+00  0.000E+00
 -10.614  0.000E+00  0.000E+00  0.000E+00  0.000E+00
 -10.564  0.000E+00  0.000E+00  0.000E+00  0.000E+00
 -10.514  0.000E+00  0.000E+00  0.000E+00  0.000E+00
 -10.464  0.000E+00  0.000E+00  0.000E+00  0.000E+00
 -10.414  0.000E+00  0.000E+00  0.000E+00  0.000E+00
 -10.364  0.000E+00  0.000E+00  0.000E+00  0.000E+00
 -10.314  0.000E+00  0.000E+00  0.000E+00  0.000E+00
 -10.264  0.000E+00  0.000E+00  0.000E+00  0.000E+00
 -10.214  0.000E+00  0.000E+00  0.000E+00  0.000E+00
 -10.164  0.000E+00  0.000E+00  0.000E+00  0.000E+00
 -10.114  0.000E+00  0.000E+00  0.000E+00  0.000E+00
 -10.064  0.000E+00  0.000E+00  0.000E+00  0.000E+00
 -10.014  0.000E+00  0.000E+00  0.000E+00  0.000E+00
  -9.964  0.000E+00  0.000E+00  0.000E+00  0.000E+00
  -9.914  0.000E+00  0.000E+00  0.000E+00  0.000E+00
  -9.864  0.000E+00  0.000E+00  0.000E+00  0.000E+00
  -9.814  0.000E+00  0.000E+00  0.000E+00  0.000E+00
  -9.764  0.000E+00  0.000E+00  0.000E+00  0.000E+00
  -9.714  0.000E+00  0.000E+00  0.000E+00  0.000E+00
  -9.664  0.000E+00  0.000E+00  0.000E+00  0.000E+00
  -9.614  0.000E+00  0.000E+00  0.000E+00  0.000E+00
  -9.564  0.000E+00  0.000E+00  0.000E+00  0.000E+00
  -9.514  0.000E+00  0.000E+00  0.000E+00  0.000E+00
  -9.464  0.000E+00  0.000E+00  0.000E+00  0.000E+00
  -9.414  0.000E+00  0.000E+00  0.000E+00  0.000E+00
  -9.364  0.000E+00  0.000E+00  0.000E+00  0.000E+00
  -9.314  0.000E+00  0.000E+00  0.000E+00  0.000E+00
  -9.264  0.000E+00  0.000E+00  0.000E+00  0.000E+00
  -9.214  0.000E+00  0.000E+00  0.000E+00  0.000E+00
  -9.164  0.000E+00  0.000E+00  0.000E+00  0.000E+00
  -9.114  0.000E+00  0.000E+00  0.000E+00  0.000E+00
  -9.064  0.000E+00  0.000E+00  0.000E+00  0.000E+00
  -9.014  0.000E+00  0.000E+00  0.000E+00  0.000E+00
  -8.964  0.000E+00  0.000E+00  0.000E+00  0.000E+00
  -8.914  0.000E+00  0.000E+00  0.000E+00  0.000E+00
  -8.864  0.000E+00  0.000E+00  0.000E+00  0.000E+00
  -8.814  0.000E+00  0.000E+00  0.000E+00  0.000E+00
  -8.764  0.000E+00  0.000E+00  0.000E+00  0.000E+00
  -8.714  0.000E+00  0.000E+00  0.000E+00  0.000E+00
  -8.664  0.000E+00  0.000E+00  0.000E+00  0.000E+00
  -8.614  0.000E+00  0.000E+00  0.000E+00  0.000E+00
  -8.564  0.000E+00  0.000E+00  0.000E+00  0.000E+00
  -8.514  0.000E+00  0.000E+00  0.000E+00  0.000E+00
  -8.464  0.000E+00  0.000E+00  0.000E+00  0.000E+00
  -8.414  0.000E+00  0.000E+00  0.000E+00  0.000E+00
  -8.364  0.000E+00  0.000E+00  0.000E+00  0.000E+00
  -8.314  0.000E+00  0.000E+00  0.000E+00  0.000E+00
  -8.264  0.000E+00  0.000E+00  0.000E+00  0.000E+00
  -8.214  0.000E+00  0.000E+00  0.000E+00  0.000E+00
  -8.164  0.000E+00  0.000E+00  0.000E+00  0.000E+00
  -8.114  0.000E+00  0.000E+00  0.000E+00  0.000E+00
  -8.064  0.000E+00  0.000E+00  0.000E+00  0.000E+00
  -8.014  0.000E+00  0.000E+00  0.000E+00  0.000E+00
  -7.964  0.000E+00  0.000E+00  0.000E+00  0.000E+00
  -7.914  0.000E+00  0.000E+00  0.000E+00  0.000E+00
  -7.864  0.000E+00  0.000E+00  0.000E+00  0.000E+00
  -7.814  0.000E+00  0.000E+00  0.000E+00  0.000E+00
  -7.764  0.000E+00  0.000E+00  0.000E+00  0.000E+00
  -7.714  0.000E+00  0.000E+00  0.000E+00  0.000E+00
  -7.664  0.000E+00  0.000E+00  0.000E+00  0.000E+00
  -7.614  0.000E+00  0.000E+00  0.000E+00  0.000E+00
  -7.564  0.000E+00  0.000E+00  0.000E+00  0.000E+00
  -7.514  0.000E+00  0.000E+00  0.000E+00  0.000E+00
  -7.464  0.000E+00  0.000E+00  0.000E+00  0.000E+00
  -7.414  0.000E+00  0.000E+00  0.000E+00  0.000E+00
  -7.364  0.000E+00  0.000E+00  0.000E+00  0.000E+00
  -7.314  0.000E+00  0.000E+00  0.000E+00  0.000E+00
  -7.264  0.000E+00  0.000E+00  0.000E+00  0.000E+00
  -7.214  0.000E+00  0.000E+00  0.000E+00  0.000E+00
  -7.164  0.000E+00  0.000E+00  0.000E+00  0.000E+00
  -7.114  0.000E+00  0.000E+00  0.000E+00  0.000E+00
  -7.064  0.000E+00  0.000E+00  0.000E+00  0.000E+00
  -7.014  0.000E+00  0.000E+00  0.000E+00  0.000E+00
  -6.964  0.000E+00  0.000E+00  0.000E+00  0.000E+00
  -6.914  0.000E+00  0.000E+00  0.000E+00  0.000E+00
  -6.864  0.000E+00  0.000E+00  0.000E+00  0.000E+00
  -6.814  0.000E+00  0.000E+00  0.000E+00  0.000E+00
  -6.764  0.000E+00  0.000E+00  0.000E+00  0.000E+00
  -6.714  0.000E+00  0.000E+00  0.000E+00  0.000E+00
  -6.664  0.000E+00  0.000E+00  0.000E+00  0.000E+00
  -6.614  0.777E-13  0.777E-13  0.223E-17  0.223E-17
  -6.564  0.212E-11  0.212E-11  0.685E-16  0.685E-16
  -6.514  0.459E-10  0.459E-10  0.162E-14  0.162E-14
  -6.464  0.797E-09  0.797E-09  0.302E-13  0.302E-13
  -6.414  0.111E-07  0.111E-07  0.454E-12  0.454E-12
  -6.364  0.126E-06  0.126E-06  0.551E-11  0.551E-11
  -6.314  0.114E-05  0.114E-05  0.542E-10  0.542E-10
  -6.264  0.843E-05  0.843E-05  0.433E-09  0.433E-09
  -6.214  0.503E-04  0.503E-04  0.281E-08  0.281E-08
  -6.164  0.245E-03  0.245E-03  0.150E-07  0.150E-07
  -6.114  0.971E-03  0.971E-03  0.654E-07  0.654E-07
  -6.064  0.317E-02  0.317E-02  0.236E-06  0.236E-06
  -6.014  0.857E-02  0.857E-02  0.706E-06  0.706E-06
  -5.964  0.195E-01  0.195E-01  0.177E-05  0.177E-05
  -5.914  0.378E-01  0.377E-01  0.377E-05  0.377E-05
  -5.864  0.642E-01  0.642E-01  0.687E-05  0.687E-05
  -5.814  0.990E-01  0.989E-01  0.109E-04  0.109E-04
  -5.764  0.143E+00  0.143E+00  0.151E-04  0.151E-04
  -5.714  0.199E+00  0.199E+00  0.186E-04  0.186E-04
  -5.664  0.263E+00  0.263E+00  0.205E-04  0.205E-04
  -5.614  0.322E+00  0.322E+00  0.201E-04  0.201E-04
  -5.564  0.350E+00  0.350E+00  0.174E-04  0.174E-04
  -5.514  0.327E+00  0.326E+00  0.131E-04  0.131E-04
  -5.464  0.256E+00  0.256E+00  0.848E-05  0.848E-05
  -5.414  0.166E+00  0.166E+00  0.464E-05  0.464E-05
  -5.364  0.882E-01  0.882E-01  0.213E-05  0.213E-05
  -5.314  0.382E-01  0.382E-01  0.808E-06  0.808E-06
  -5.264  0.134E-01  0.134E-01  0.253E-06  0.253E-06
  -5.214  0.380E-02  0.380E-02  0.646E-07  0.646E-07
  -5.164  0.868E-03  0.868E-03  0.135E-07  0.135E-07
  -5.114  0.160E-03  0.160E-03  0.229E-08  0.229E-08
  -5.064  0.237E-04  0.237E-04  0.314E-09  0.314E-09
  -5.014  0.283E-05  0.283E-05  0.348E-10  0.348E-10
  -4.964  0.271E-06  0.271E-06  0.312E-11  0.312E-11
  -4.914  0.208E-07  0.208E-07  0.226E-12  0.226E-12
  -4.864  0.128E-08  0.128E-08  0.131E-13  0.131E-13
  -4.814  0.642E-10  0.642E-10  0.681E-15  0.681E-15
  -4.764  0.133E-10  0.133E-10  0.179E-14  0.179E-14
  -4.714  0.164E-09  0.164E-09  0.359E-13  0.359E-13
  -4.664  0.200E-08  0.200E-08  0.581E-12  0.581E-12
  -4.614  0.198E-07  0.198E-07  0.754E-11  0.754E-11
  -4.564  0.160E-06  0.159E-06  0.782E-10  0.782E-10
  -4.514  0.105E-05  0.104E-05  0.650E-09  0.650E-09
  -4.464  0.561E-05  0.560E-05  0.433E-08  0.433E-08
  -4.414  0.247E-04  0.246E-04  0.232E-07  0.232E-07
  -4.364  0.891E-04  0.889E-04  0.100E-06  0.100E-06
  -4.314  0.265E-03  0.264E-03  0.350E-06  0.350E-06
  -4.264  0.651E-03  0.649E-03  0.101E-05  0.101E-05
  -4.214  0.133E-02  0.132E-02  0.243E-05  0.243E-05
  -4.164  0.227E-02  0.226E-02  0.507E-05  0.507E-05
  -4.114  0.332E-02  0.330E-02  0.947E-05  0.947E-05
  -4.064  0.429E-02  0.426E-02  0.162E-04  0.162E-04
  -4.014  0.510E-02  0.504E-02  0.255E-04  0.255E-04
  -3.964  0.570E-02  0.562E-02  0.362E-04  0.362E-04
  -3.914  0.599E-02  0.590E-02  0.467E-04  0.466E-04
  -3.864  0.594E-02  0.583E-02  0.568E-04  0.568E-04
  -3.814  0.577E-02  0.563E-02  0.707E-04  0.707E-04
  -3.764  0.589E-02  0.570E-02  0.936E-04  0.935E-04
  -3.714  0.645E-02  0.620E-02  0.125E-03  0.125E-03
  -3.664  0.711E-02  0.680E-02  0.156E-03  0.156E-03
  -3.614  0.732E-02  0.697E-02  0.176E-03  0.176E-03
  -3.564  0.690E-02  0.653E-02  0.184E-03  0.184E-03
  -3.514  0.621E-02  0.582E-02  0.195E-03  0.195E-03
  -3.464  0.591E-02  0.545E-02  0.230E-03  0.230E-03
  -3.414  0.646E-02  0.585E-02  0.309E-03  0.309E-03
  -3.364  0.779E-02  0.694E-02  0.423E-03  0.423E-03
  -3.314  0.913E-02  0.807E-02  0.531E-03  0.531E-03
  -3.264  0.960E-02  0.842E-02  0.588E-03  0.588E-03
  -3.214  0.898E-02  0.780E-02  0.590E-03  0.590E-03
  -3.164  0.790E-02  0.673E-02  0.583E-03  0.583E-03
  -3.114  0.728E-02  0.601E-02  0.633E-03  0.633E-03
  -3.064  0.772E-02  0.615E-02  0.786E-03  0.786E-03
  -3.014  0.947E-02  0.736E-02  0.106E-02  0.106E-02
  -2.964  0.126E-01  0.979E-02  0.143E-02  0.143E-02
  -2.914  0.174E-01  0.137E-01  0.182E-02  0.182E-02
  -2.864  0.238E-01  0.196E-01  0.214E-02  0.214E-02
  -2.814  0.319E-01  0.273E-01  0.232E-02  0.232E-02
  -2.764  0.414E-01  0.365E-01  0.243E-02  0.243E-02
  -2.714  0.521E-01  0.467E-01  0.272E-02  0.272E-02
  -2.664  0.644E-01  0.573E-01  0.353E-02  0.353E-02
  -2.614  0.782E-01  0.680E-01  0.508E-02  0.508E-02
  -2.564  0.930E-01  0.785E-01  0.723E-02  0.723E-02
  -2.514  0.109E+00  0.893E-01  0.962E-02  0.962E-02
  -2.464  0.125E+00  0.101E+00  0.120E-01  0.120E-01
  -2.414  0.143E+00  0.114E+00  0.147E-01  0.147E-01
  -2.364  0.163E+00  0.126E+00  0.184E-01  0.184E-01
  -2.314  0.190E+00  0.141E+00  0.243E-01  0.243E-01
  -2.264  0.231E+00  0.165E+00  0.333E-01  0.333E-01
  -2.214  0.296E+00  0.204E+00  0.459E-01  0.459E-01
  -2.164  0.394E+00  0.269E+00  0.623E-01  0.623E-01
  -2.114  0.542E+00  0.374E+00  0.842E-01  0.842E-01
  -2.064  0.773E+00  0.541E+00  0.116E+00  0.116E+00
  -2.014  0.112E+01  0.793E+00  0.164E+00  0.164E+00
  -1.964  0.160E+01  0.114E+01  0.231E+00  0.231E+00
  -1.914  0.219E+01  0.157E+01  0.313E+00  0.313E+00
  -1.864  0.281E+01  0.201E+01  0.402E+00  0.402E+00
  -1.814  0.332E+01  0.235E+01  0.486E+00  0.486E+00
  -1.764  0.358E+01  0.246E+01  0.560E+00  0.560E+00
  -1.714  0.354E+01  0.228E+01  0.626E+00  0.626E+00
  -1.664  0.326E+01  0.186E+01  0.697E+00  0.697E+00
  -1.614  0.289E+01  0.134E+01  0.776E+00  0.776E+00
  -1.564  0.256E+01  0.874E+00  0.845E+00  0.845E+00
  -1.514  0.226E+01  0.537E+00  0.863E+00  0.863E+00
  -1.464  0.192E+01  0.329E+00  0.794E+00  0.794E+00
  -1.414  0.150E+01  0.209E+00  0.647E+00  0.647E+00
  -1.364  0.108E+01  0.140E+00  0.470E+00  0.470E+00
  -1.314  0.739E+00  0.980E-01  0.321E+00  0.321E+00
  -1.264  0.527E+00  0.724E-01  0.227E+00  0.227E+00
  -1.214  0.427E+00  0.568E-01  0.185E+00  0.185E+00
  -1.164  0.395E+00  0.474E-01  0.174E+00  0.174E+00
  -1.114  0.385E+00  0.419E-01  0.171E+00  0.171E+00
  -1.064  0.375E+00  0.409E-01  0.167E+00  0.167E+00
  -1.014  0.363E+00  0.488E-01  0.157E+00  0.157E+00
  -0.964  0.365E+00  0.708E-01  0.147E+00  0.147E+00
  -0.914  0.392E+00  0.107E+00  0.142E+00  0.142E+00
  -0.864  0.436E+00  0.148E+00  0.144E+00  0.144E+00
  -0.814  0.475E+00  0.175E+00  0.150E+00  0.150E+00
  -0.764  0.487E+00  0.175E+00  0.156E+00  0.156E+00
  -0.714  0.476E+00  0.151E+00  0.162E+00  0.162E+00
  -0.664  0.466E+00  0.118E+00  0.174E+00  0.174E+00
  -0.614  0.482E+00  0.901E-01  0.196E+00  0.196E+00
  -0.564  0.530E+00  0.712E-01  0.230E+00  0.230E+00
  -0.514  0.598E+00  0.600E-01  0.269E+00  0.269E+00
  -0.464  0.662E+00  0.534E-01  0.304E+00  0.304E+00
  -0.414  0.700E+00  0.496E-01  0.325E+00  0.325E+00
  -0.364  0.702E+00  0.477E-01  0.327E+00  0.327E+00
  -0.314  0.676E+00  0.472E-01  0.315E+00  0.315E+00
  -0.264  0.638E+00  0.488E-01  0.295E+00  0.295E+00
  -0.214  0.597E+00  0.535E-01  0.272E+00  0.272E+00
  -0.164  0.556E+00  0.619E-01  0.247E+00  0.247E+00
  -0.114  0.513E+00  0.726E-01  0.220E+00  0.220E+00
  -0.064  0.467E+00  0.820E-01  0.192E+00  0.192E+00
  -0.014  0.415E+00  0.865E-01  0.164E+00  0.164E+00
   0.036  0.360E+00  0.839E-01  0.138E+00  0.138E+00
   0.086  0.306E+00  0.746E-01  0.115E+00  0.115E+00
   0.136  0.260E+00  0.613E-01  0.995E-01  0.995E-01
   0.186  0.233E+00  0.478E-01  0.926E-01  0.926E-01
   0.236  0.229E+00  0.372E-01  0.958E-01  0.958E-01
   0.286  0.245E+00  0.311E-01  0.107E+00  0.107E+00
   0.336  0.268E+00  0.295E-01  0.119E+00  0.119E+00
   0.386  0.280E+00  0.312E-01  0.125E+00  0.125E+00
   0.436  0.272E+00  0.349E-01  0.119E+00  0.119E+00
   0.486  0.245E+00  0.399E-01  0.103E+00  0.103E+00
   0.536  0.214E+00  0.456E-01  0.840E-01  0.840E-01
   0.586  0.191E+00  0.509E-01  0.701E-01  0.701E-01
   0.636  0.181E+00  0.535E-01  0.636E-01  0.636E-01
   0.686  0.177E+00  0.518E-01  0.627E-01  0.627E-01
   0.736  0.173E+00  0.455E-01  0.638E-01  0.638E-01
   0.786  0.165E+00  0.363E-01  0.642E-01  0.642E-01
   0.836  0.155E+00  0.270E-01  0.639E-01  0.639E-01
   0.886  0.149E+00  0.201E-01  0.645E-01  0.645E-01
   0.936  0.153E+00  0.164E-01  0.681E-01  0.681E-01
   0.986  0.165E+00  0.156E-01  0.746E-01  0.746E-01
   1.036  0.180E+00  0.164E-01  0.816E-01  0.816E-01
   1.086  0.191E+00  0.176E-01  0.865E-01  0.865E-01
   1.136  0.197E+00  0.186E-01  0.895E-01  0.895E-01
   1.186  0.206E+00  0.194E-01  0.933E-01  0.933E-01
   1.236  0.223E+00  0.202E-01  0.101E+00  0.101E+00
   1.286  0.250E+00  0.209E-01  0.115E+00  0.115E+00
   1.336  0.282E+00  0.211E-01  0.130E+00  0.130E+00
   1.386  0.310E+00  0.207E-01  0.145E+00  0.145E+00
   1.436  0.334E+00  0.202E-01  0.157E+00  0.157E+00
   1.486  0.360E+00  0.201E-01  0.170E+00  0.170E+00
   1.536  0.402E+00  0.207E-01  0.191E+00  0.191E+00
   1.586  0.468E+00  0.218E-01  0.223E+00  0.223E+00
   1.636  0.557E+00  0.227E-01  0.267E+00  0.267E+00
   1.686  0.653E+00  0.228E-01  0.315E+00  0.315E+00
   1.736  0.734E+00  0.222E-01  0.356E+00  0.356E+00
   1.786  0.782E+00  0.211E-01  0.381E+00  0.381E+00
   1.836  0.792E+00  0.198E-01  0.386E+00  0.386E+00
   1.886  0.771E+00  0.186E-01  0.376E+00  0.376E+00
   1.936  0.730E+00  0.174E-01  0.356E+00  0.356E+00
   1.986  0.681E+00  0.164E-01  0.332E+00  0.332E+00
   2.036  0.629E+00  0.157E-01  0.307E+00  0.307E+00
   2.086  0.576E+00  0.151E-01  0.280E+00  0.280E+00
   2.136  0.520E+00  0.145E-01  0.253E+00  0.253E+00
   2.186  0.462E+00  0.139E-01  0.224E+00  0.224E+00
   2.236  0.412E+00  0.140E-01  0.199E+00  0.199E+00
   2.286  0.375E+00  0.154E-01  0.180E+00  0.180E+00
   2.336  0.351E+00  0.180E-01  0.167E+00  0.167E+00
   2.386  0.330E+00  0.206E-01  0.155E+00  0.155E+00
   2.436  0.308E+00  0.218E-01  0.143E+00  0.143E+00
   2.486  0.293E+00  0.207E-01  0.136E+00  0.136E+00
   2.536  0.300E+00  0.179E-01  0.141E+00  0.141E+00
   2.586  0.346E+00  0.150E-01  0.165E+00  0.165E+00
   2.636  0.430E+00  0.131E-01  0.208E+00  0.208E+00
   2.686  0.531E+00  0.126E-01  0.259E+00  0.259E+00
   2.736  0.616E+00  0.130E-01  0.302E+00  0.302E+00
   2.786  0.654E+00  0.134E-01  0.320E+00  0.320E+00
   2.836  0.630E+00  0.134E-01  0.308E+00  0.308E+00
   2.886  0.555E+00  0.130E-01  0.271E+00  0.271E+00
   2.936  0.454E+00  0.125E-01  0.221E+00  0.221E+00
   2.986  0.360E+00  0.120E-01  0.174E+00  0.174E+00
   3.036  0.293E+00  0.114E-01  0.141E+00  0.141E+00
   3.086  0.258E+00  0.106E-01  0.124E+00  0.124E+00
   3.136  0.248E+00  0.979E-02  0.119E+00  0.119E+00
   3.186  0.254E+00  0.902E-02  0.122E+00  0.122E+00
   3.236  0.262E+00  0.840E-02  0.127E+00  0.127E+00
   3.286  0.265E+00  0.793E-02  0.129E+00  0.129E+00
   3.336  0.262E+00  0.769E-02  0.127E+00  0.127E+00
   3.386  0.267E+00  0.780E-02  0.129E+00  0.129E+00
   3.436  0.293E+00  0.822E-02  0.142E+00  0.142E+00
   3.486  0.345E+00  0.866E-02  0.168E+00  0.168E+00
   3.536  0.407E+00  0.878E-02  0.199E+00  0.199E+00
   3.586  0.454E+00  0.844E-02  0.223E+00  0.223E+00
   3.636  0.465E+00  0.782E-02  0.228E+00  0.228E+00
   3.686  0.437E+00  0.721E-02  0.215E+00  0.215E+00
   3.736  0.386E+00  0.673E-02  0.190E+00  0.190E+00
   3.786  0.334E+00  0.632E-02  0.164E+00  0.164E+00
   3.836  0.294E+00  0.588E-02  0.144E+00  0.144E+00
   3.886  0.272E+00  0.545E-02  0.133E+00  0.133E+00
   3.936  0.265E+00  0.519E-02  0.130E+00  0.130E+00
   3.986  0.267E+00  0.518E-02  0.131E+00  0.131E+00
   4.036  0.272E+00  0.531E-02  0.133E+00  0.133E+00
   4.086  0.273E+00  0.534E-02  0.134E+00  0.134E+00
   4.136  0.266E+00  0.507E-02  0.131E+00  0.131E+00
   4.186  0.254E+00  0.462E-02  0.125E+00  0.125E+00
   4.236  0.241E+00  0.430E-02  0.118E+00  0.118E+00
   4.286  0.235E+00  0.435E-02  0.115E+00  0.115E+00
   4.336  0.238E+00  0.470E-02  0.117E+00  0.117E+00
   4.386  0.245E+00  0.504E-02  0.120E+00  0.120E+00
   4.436  0.249E+00  0.507E-02  0.122E+00  0.122E+00
   4.486  0.241E+00  0.475E-02  0.118E+00  0.118E+00
   4.536  0.219E+00  0.429E-02  0.107E+00  0.107E+00
   4.586  0.189E+00  0.393E-02  0.924E-01  0.924E-01
   4.636  0.160E+00  0.380E-02  0.781E-01  0.781E-01
   4.686  0.140E+00  0.386E-02  0.681E-01  0.681E-01
   4.736  0.130E+00  0.403E-02  0.628E-01  0.628E-01
   4.786  0.124E+00  0.421E-02  0.601E-01  0.601E-01
   4.836  0.120E+00  0.433E-02  0.578E-01  0.578E-01
   4.886  0.114E+00  0.431E-02  0.546E-01  0.546E-01
   4.936  0.107E+00  0.415E-02  0.512E-01  0.512E-01
   4.986  0.101E+00  0.391E-02  0.487E-01  0.487E-01
   5.036  0.994E-01  0.373E-02  0.478E-01  0.478E-01
   5.086  0.995E-01  0.373E-02  0.479E-01  0.479E-01
   5.136  0.987E-01  0.391E-02  0.474E-01  0.474E-01
   5.186  0.953E-01  0.415E-02  0.456E-01  0.456E-01
   5.236  0.902E-01  0.427E-02  0.430E-01  0.430E-01
   5.286  0.873E-01  0.415E-02  0.416E-01  0.416E-01
   5.336  0.903E-01  0.383E-02  0.432E-01  0.432E-01
   5.386  0.996E-01  0.352E-02  0.481E-01  0.481E-01
   5.436  0.111E+00  0.337E-02  0.537E-01  0.537E-01
   5.486  0.118E+00  0.338E-02  0.571E-01  0.571E-01
   5.536  0.117E+00  0.346E-02  0.566E-01  0.566E-01
   5.586  0.109E+00  0.356E-02  0.527E-01  0.527E-01
   5.636  0.992E-01  0.370E-02  0.478E-01  0.478E-01
   5.686  0.921E-01  0.392E-02  0.441E-01  0.441E-01
   5.736  0.897E-01  0.424E-02  0.427E-01  0.427E-01
   5.786  0.913E-01  0.457E-02  0.433E-01  0.433E-01
   5.836  0.946E-01  0.471E-02  0.450E-01  0.450E-01
   5.886  0.979E-01  0.451E-02  0.467E-01  0.467E-01
   5.936  0.101E+00  0.400E-02  0.483E-01  0.483E-01
   5.986  0.104E+00  0.331E-02  0.504E-01  0.504E-01
   6.036  0.110E+00  0.264E-02  0.535E-01  0.535E-01
   6.086  0.117E+00  0.211E-02  0.573E-01  0.573E-01
   6.136  0.122E+00  0.178E-02  0.602E-01  0.602E-01
   6.186  0.124E+00  0.167E-02  0.613E-01  0.613E-01
   6.236  0.127E+00  0.176E-02  0.624E-01  0.624E-01
   6.286  0.134E+00  0.200E-02  0.662E-01  0.662E-01
   6.336  0.148E+00  0.230E-02  0.730E-01  0.730E-01
   6.386  0.161E+00  0.261E-02  0.791E-01  0.791E-01
   6.436  0.164E+00  0.289E-02  0.803E-01  0.803E-01
   6.486  0.155E+00  0.312E-02  0.760E-01  0.760E-01
   6.536  0.143E+00  0.329E-02  0.697E-01  0.697E-01
   6.586  0.134E+00  0.336E-02  0.652E-01  0.652E-01
   6.636  0.131E+00  0.332E-02  0.636E-01  0.636E-01
   6.686  0.132E+00  0.316E-02  0.643E-01  0.643E-01
   6.736  0.135E+00  0.291E-02  0.660E-01  0.660E-01
   6.786  0.138E+00  0.260E-02  0.677E-01  0.677E-01
   6.836  0.139E+00  0.225E-02  0.684E-01  0.684E-01
   6.886  0.142E+00  0.192E-02  0.699E-01  0.699E-01
   6.936  0.153E+00  0.171E-02  0.758E-01  0.758E-01
   6.986  0.178E+00  0.173E-02  0.880E-01  0.880E-01
   7.036  0.209E+00  0.194E-02  0.104E+00  0.104E+00
   7.086  0.234E+00  0.219E-02  0.116E+00  0.116E+00
   7.136  0.246E+00  0.234E-02  0.122E+00  0.122E+00
   7.186  0.247E+00  0.231E-02  0.122E+00  0.122E+00
   7.236  0.250E+00  0.217E-02  0.124E+00  0.124E+00
   7.286  0.262E+00  0.197E-02  0.130E+00  0.130E+00
   7.336  0.288E+00  0.176E-02  0.143E+00  0.143E+00
   7.386  0.328E+00  0.160E-02  0.163E+00  0.163E+00
   7.436  0.375E+00  0.153E-02  0.187E+00  0.187E+00
   7.486  0.408E+00  0.158E-02  0.203E+00  0.203E+00
   7.536  0.400E+00  0.169E-02  0.199E+00  0.199E+00
   7.586  0.347E+00  0.177E-02  0.173E+00  0.173E+00
   7.636  0.270E+00  0.177E-02  0.134E+00  0.134E+00
   7.686  0.205E+00  0.174E-02  0.101E+00  0.101E+00
   7.736  0.174E+00  0.177E-02  0.859E-01  0.859E-01
   7.786  0.177E+00  0.188E-02  0.876E-01  0.876E-01
   7.836  0.198E+00  0.200E-02  0.981E-01  0.981E-01
   7.886  0.221E+00  0.207E-02  0.110E+00  0.110E+00
   7.936  0.244E+00  0.214E-02  0.121E+00  0.121E+00
   7.986  0.273E+00  0.236E-02  0.136E+00  0.136E+00
   8.036  0.312E+00  0.281E-02  0.155E+00  0.155E+00
   8.086  0.347E+00  0.340E-02  0.172E+00  0.172E+00
   8.136  0.359E+00  0.384E-02  0.178E+00  0.178E+00
   8.186  0.345E+00  0.395E-02  0.170E+00  0.170E+00
   8.236  0.316E+00  0.371E-02  0.156E+00  0.156E+00
   8.286  0.285E+00  0.328E-02  0.141E+00  0.141E+00
   8.336  0.256E+00  0.276E-02  0.126E+00  0.126E+00
   8.386  0.222E+00  0.226E-02  0.110E+00  0.110E+00
   8.436  0.183E+00  0.190E-02  0.906E-01  0.906E-01
   8.486  0.147E+00  0.183E-02  0.725E-01  0.725E-01
   8.536  0.122E+00  0.210E-02  0.601E-01  0.601E-01
   8.586  0.112E+00  0.261E-02  0.547E-01  0.547E-01
   8.636  0.113E+00  0.314E-02  0.547E-01  0.547E-01
   8.686  0.117E+00  0.349E-02  0.569E-01  0.569E-01
   8.736  0.122E+00  0.360E-02  0.590E-01  0.590E-01
   8.786  0.123E+00  0.362E-02  0.596E-01  0.596E-01
   8.836  0.121E+00  0.368E-02  0.587E-01  0.587E-01
   8.886  0.116E+00  0.372E-02  0.559E-01  0.559E-01
   8.936  0.105E+00  0.356E-02  0.508E-01  0.508E-01
   8.986  0.904E-01  0.308E-02  0.437E-01  0.437E-01
   9.036  0.759E-01  0.243E-02  0.368E-01  0.367E-01
   9.086  0.679E-01  0.196E-02  0.330E-01  0.330E-01
   9.136  0.709E-01  0.194E-02  0.345E-01  0.345E-01
   9.186  0.859E-01  0.236E-02  0.418E-01  0.418E-01
   9.236  0.110E+00  0.296E-02  0.535E-01  0.535E-01
   9.286  0.135E+00  0.338E-02  0.659E-01  0.659E-01
   9.336  0.152E+00  0.336E-02  0.742E-01  0.742E-01
   9.386  0.154E+00  0.288E-02  0.758E-01  0.758E-01
   9.436  0.148E+00  0.217E-02  0.732E-01  0.731E-01
   9.486  0.144E+00  0.148E-02  0.711E-01  0.710E-01
   9.536  0.144E+00  0.101E-02  0.718E-01  0.716E-01
   9.586  0.146E+00  0.758E-03  0.727E-01  0.724E-01
   9.636  0.139E+00  0.670E-03  0.693E-01  0.691E-01
   9.686  0.121E+00  0.671E-03  0.600E-01  0.600E-01
   9.736  0.951E-01  0.736E-03  0.471E-01  0.473E-01
   9.786  0.703E-01  0.858E-03  0.344E-01  0.350E-01
   9.836  0.515E-01  0.986E-03  0.247E-01  0.258E-01
   9.886  0.388E-01  0.103E-02  0.181E-01  0.197E-01
   9.936  0.297E-01  0.933E-03  0.135E-01  0.153E-01
   9.986  0.221E-01  0.716E-03  0.984E-02  0.116E-01
  10.036  0.157E-01  0.470E-03  0.692E-02  0.827E-02
  10.086  0.106E-01  0.276E-03  0.471E-02  0.558E-02
  10.136  0.689E-02  0.158E-03  0.313E-02  0.360E-02
  10.186  0.429E-02  0.101E-03  0.198E-02  0.221E-02
  10.236  0.246E-02  0.746E-04  0.115E-02  0.124E-02
  10.286  0.126E-02  0.587E-04  0.583E-03  0.620E-03
  10.336  0.569E-03  0.432E-04  0.257E-03  0.269E-03
  10.386  0.228E-03  0.275E-04  0.984E-04  0.102E-03
  10.436  0.818E-04  0.145E-04  0.333E-04  0.339E-04
  10.486  0.265E-04  0.626E-05  0.101E-04  0.101E-04
  10.536  0.759E-05  0.218E-05  0.273E-05  0.268E-05
  10.586  0.188E-05  0.608E-06  0.646E-06  0.624E-06
  10.636  0.391E-06  0.136E-06  0.130E-06  0.124E-06
  10.686  0.672E-07  0.245E-07  0.219E-07  0.207E-07
  10.736  0.940E-08  0.353E-08  0.303E-08  0.285E-08
