# E (eV)   ldos(E)   pdos(E)    pdos(E)    pdos(E)   
 -17.864  0.130E-03  0.130E-03  0.489E-09  0.488E-09
 -17.814  0.872E-03  0.872E-03  0.327E-08  0.327E-08
 -17.764  0.467E-02  0.467E-02  0.175E-07  0.175E-07
 -17.714  0.200E-01  0.200E-01  0.752E-07  0.751E-07
 -17.664  0.687E-01  0.687E-01  0.258E-06  0.258E-06
 -17.614  0.188E+00  0.188E+00  0.707E-06  0.707E-06
 -17.564  0.413E+00  0.413E+00  0.155E-05  0.155E-05
 -17.514  0.725E+00  0.725E+00  0.272E-05  0.272E-05
 -17.464  0.102E+01  0.102E+01  0.382E-05  0.382E-05
 -17.414  0.114E+01  0.114E+01  0.429E-05  0.429E-05
 -17.364  0.103E+01  0.103E+01  0.386E-05  0.385E-05
 -17.314  0.738E+00  0.737E+00  0.277E-05  0.277E-05
 -17.264  0.424E+00  0.424E+00  0.159E-05  0.159E-05
 -17.214  0.195E+00  0.195E+00  0.733E-06  0.732E-06
 -17.164  0.717E-01  0.717E-01  0.270E-06  0.269E-06
 -17.114  0.211E-01  0.211E-01  0.793E-07  0.793E-07
 -17.064  0.497E-02  0.497E-02  0.187E-07  0.187E-07
 -17.014  0.935E-03  0.935E-03  0.352E-08  0.351E-08
 -16.964  0.141E-03  0.141E-03  0.530E-09  0.529E-09
 -16.914  0.170E-04  0.170E-04  0.638E-10  0.638E-10
 -16.864  0.164E-05  0.164E-05  0.615E-11  0.615E-11
 -16.814  0.126E-06  0.126E-06  0.474E-12  0.474E-12
 -16.764  0.778E-08  0.778E-08  0.293E-13  0.293E-13
 -16.714  0.384E-09  0.384E-09  0.144E-14  0.144E-14
 -16.664  0.152E-10  0.152E-10  0.570E-16  0.570E-16
 -16.614  0.000E+00  0.000E+00  0.000E+00  0.000E+00
 -16.564  0.000E+00  0.000E+00  0.000E+00  0.000E+00
 -16.514  0.000E+00  0.000E+00  0.000E+00  0.000E+00
 -16.464  0.000E+00  0.000E+00  0.000E+00  0.000E+00
 -16.414  0.000E+00  0.000E+00  0.000E+00  0.000E+00
 -16.364  0.000E+00  0.000E+00  0.000E+00  0.000E+00
 -16.314  0.000E+00  0.000E+00  0.000E+00  0.000E+00
 -16.264  0.000E+00  0.000E+00  0.000E+00  0.000E+00
 -16.214  0.000E+00  0.000E+00  0.000E+00  0.000E+00
 -16.164  0.000E+00  0.000E+00  0.000E+00  0.000E+00
 -16.114  0.000E+00  0.000E+00  0.000E+00  0.000E+00
 -16.064  0.000E+00  0.000E+00  0.000E+00  0.000E+00
 -16.014  0.000E+00  0.000E+00  0.000E+00  0.000E+00
 -15.964  0.000E+00  0.000E+00  0.000E+00  0.000E+00
 -15.914  0.000E+00  0.000E+00  0.000E+00  0.000E+00
 -15.864  0.000E+00  0.000E+00  0.000E+00  0.000E+00
 -15.814  0.000E+00  0.000E+00  0.000E+00  0.000E+00
 -15.764  0.000E+00  0.000E+00  0.000E+00  0.000E+00
 -15.714  0.000E+00  0.000E+00  0.000E+00  0.000E+00
 -15.664  0.000E+00  0.000E+00  0.000E+00  0.000E+00
 -15.614  0.000E+00  0.000E+00  0.000E+00  0.000E+00
 -15.564  0.000E+00  0.000E+00  0.000E+00  0.000E+00
 -15.514  0.000E+00  0.000E+00  0.000E+00  0.000E+00
 -15.464  0.000E+00  0.000E+00  0.000E+00  0.000E+00
 -15.414  0.000E+00  0.000E+00  0.000E+00  0.000E+00
 -15.364  0.000E+00  0.000E+00  0.000E+00  0.000E+00
 -15.314  0.000E+00  0.000E+00  0.000E+00  0.000E+00
 -15.264  0.000E+00  0.000E+00  0.000E+00  0.000E+00
 -15.214  0.000E+00  0.000E+00  0.000E+00  0.000E+00
 -15.164  0.000E+00  0.000E+00  0.000E+00  0.000E+00
 -15.114  0.000E+00  0.000E+00  0.000E+00  0.000E+00
 -15.064  0.000E+00  0.000E+00  0.000E+00  0.000E+00
 -15.014  0.000E+00  0.000E+00  0.000E+00  0.000E+00
 -14.964  0.000E+00  0.000E+00  0.000E+00  0.000E+00
 -14.914  0.000E+00  0.000E+00  0.000E+00  0.000E+00
 -14.864  0.000E+00  0.000E+00  0.000E+00  0.000E+00
 -14.814  0.000E+00  0.000E+00  0.000E+00  0.000E+00
 -14.764  0.000E+00  0.000E+00  0.000E+00  0.000E+00
 -14.714  0.000E+00  0.000E+00  0.000E+00  0.000E+00
 -14.664  0.000E+00  0.000E+00  0.000E+00  0.000E+00
 -14.614  0.000E+00  0.000E+00  0.000E+00  0.000E+00
 -14.564  0.000E+00  0.000E+00  0.000E+00  0.000E+00
 -14.514  0.000E+00  0.000E+00  0.000E+00  0.000E+00
 -14.464  0.000E+00  0.000E+00  0.000E+00  0.000E+00
 -14.414  0.000E+00  0.000E+00  0.000E+00  0.000E+00
 -14.364  0.000E+00  0.000E+00  0.000E+00  0.000E+00
 -14.314  0.000E+00  0.000E+00  0.000E+00  0.000E+00
 -14.264  0.000E+00  0.000E+00  0.000E+00  0.000E+00
 -14.214  0.000E+00  0.000E+00  0.000E+00  0.000E+00
 -14.164  0.000E+00  0.000E+00  0.000E+00  0.000E+00
 -14.114  0.000E+00  0.000E+00  0.000E+00  0.000E+00
 -14.064  0.000E+00  0.000E+00  0.000E+00  0.000E+00
 -14.014  0.000E+00  0.000E+00  0.000E+00  0.000E+00
 -13.964  0.000E+00  0.000E+00  0.000E+00  0.000E+00
 -13.914  0.000E+00  0.000E+00  0.000E+00  0.000E+00
 -13.864  0.000E+00  0.000E+00  0.000E+00  0.000E+00
 -13.814  0.000E+00  0.000E+00  0.000E+00  0.000E+00
 -13.764  0.000E+00  0.000E+00  0.000E+00  0.000E+00
 -13.714  0.000E+00  0.000E+00  0.000E+00  0.000E+00
 -13.664  0.000E+00  0.000E+00  0.000E+00  0.000E+00
 -13.614  0.000E+00  0.000E+00  0.000E+00  0.000E+00
 -13.564  0.000E+00  0.000E+00  0.000E+00  0.000E+00
 -13.514  0.000E+00  0.000E+00  0.000E+00  0.000E+00
 -13.464  0.000E+00  0.000E+00  0.000E+00  0.000E+00
 -13.414  0.000E+00  0.000E+00  0.000E+00  0.000E+00
 -13.364  0.000E+00  0.000E+00  0.000E+00  0.000E+00
 -13.314  0.000E+00  0.000E+00  0.000E+00  0.000E+00
 -13.264  0.000E+00  0.000E+00  0.000E+00  0.000E+00
 -13.214  0.000E+00  0.000E+00  0.000E+00  0.000E+00
 -13.164  0.000E+00  0.000E+00  0.000E+00  0.000E+00
 -13.114  0.000E+00  0.000E+00  0.000E+00  0.000E+00
 -13.064  0.000E+00  0.000E+00  0.000E+00  0.000E+00
 -13.014  0.000E+00  0.000E+00  0.000E+00  0.000E+00
 -12.964  0.000E+00  0.000E+00  0.000E+00  0.000E+00
 -12.914  0.000E+00  0.000E+00  0.000E+00  0.000E+00
 -12.864  0.000E+00  0.000E+00  0.000E+00  0.000E+00
 -12.814  0.000E+00  0.000E+00  0.000E+00  0.000E+00
 -12.764  0.000E+00  0.000E+00  0.000E+00  0.000E+00
 -12.714  0.000E+00  0.000E+00  0.000E+00  0.000E+00
 -12.664  0.000E+00  0.000E+00  0.000E+00  0.000E+00
 -12.614  0.000E+00  0.000E+00  0.000E+00  0.000E+00
 -12.564  0.000E+00  0.000E+00  0.000E+00  0.000E+00
 -12.514  0.000E+00  0.000E+00  0.000E+00  0.000E+00
 -12.464  0.000E+00  0.000E+00  0.000E+00  0.000E+00
 -12.414  0.000E+00  0.000E+00  0.000E+00  0.000E+00
 -12.364  0.000E+00  0.000E+00  0.000E+00  0.000E+00
 -12.314  0.000E+00  0.000E+00  0.000E+00  0.000E+00
 -12.264  0.000E+00  0.000E+00  0.000E+00  0.000E+00
 -12.214  0.000E+00  0.000E+00  0.000E+00  0.000E+00
 -12.164  0.000E+00  0.000E+00  0.000E+00  0.000E+00
 -12.114  0.000E+00  0.000E+00  0.000E+00  0.000E+00
 -12.064  0.000E+00  0.000E+00  0.000E+00  0.000E+00
 -12.014  0.000E+00  0.000E+00  0.000E+00  0.000E+00
 -11.964  0.000E+00  0.000E+00  0.000E+00  0.000E+00
 -11.914  0.000E+00  0.000E+00  0.000E+00  0.000E+00
 -11.864  0.000E+00  0.000E+00  0.000E+00  0.000E+00
 -11.814  0.000E+00  0.000E+00  0.000E+00  0.000E+00
 -11.764  0.000E+00  0.000E+00  0.000E+00  0.000E+00
 -11.714  0.000E+00  0.000E+00  0.000E+00  0.000E+00
 -11.664  0.000E+00  0.000E+00  0.000E+00  0.000E+00
 -11.614  0.000E+00  0.000E+00  0.000E+00  0.000E+00
 -11.564  0.000E+00  0.000E+00  0.000E+00  0.000E+00
 -11.514  0.000E+00  0.000E+00  0.000E+00  0.000E+00
 -11.464  0.000E+00  0.000E+00  0.000E+00  0.000E+00
 -11.414  0.000E+00  0.000E+00  0.000E+00  0.000E+00
 -11.364  0.000E+00  0.000E+00  0.000E+00  0.000E+00
 -11.314  0.000E+00  0.000E+00  0.000E+00  0.000E+00
 -11.264  0.000E+00  0.000E+00  0.000E+00  0.000E+00
 -11.214  0.000E+00  0.000E+00  0.000E+00  0.000E+00
 -11.164  0.000E+00  0.000E+00  0.000E+00  0.000E+00
 -11.114  0.000E+00  0.000E+00  0.000E+00  0.000E+00
 -11.064  0.000E+00  0.000E+00  0.000E+00  0.000E+00
 -11.014  0.000E+00  0.000E+00  0.000E+00  0.000E+00
 -10.964  0.000E+00  0.000E+00  0.000E+00  0.000E+00
 -10.914  0.000E+00  0.000E+00  0.000E+00  0.000E+00
 -10.864  0.000E+00  0.000E+00  0.000E+00  0.000E+00
 -10.814  0.000E+00  0.000E+00  0.000E+00  0.000E+00
 -10.764  0.000E+00  0.000E+00  0.000E+00  0.000E+00
 -10.714  0.000E+00  0.000E+00  0.000E+00  0.000E+00
 -10.664  0.000E+00  0.000E+00  0.000E+00  0.000E+00
 -10.614  0.000E+00  0.000E+00  0.000E+00  0.000E+00
 -10.564  0.000E+00  0.000E+00  0.000E+00  0.000E+00
 -10.514  0.000E+00  0.000E+00  0.000E+00  0.000E+00
 -10.464  0.000E+00  0.000E+00  0.000E+00  0.000E+00
 -10.414  0.000E+00  0.000E+00  0.000E+00  0.000E+00
 -10.364  0.000E+00  0.000E+00  0.000E+00  0.000E+00
 -10.314  0.000E+00  0.000E+00  0.000E+00  0.000E+00
 -10.264  0.000E+00  0.000E+00  0.000E+00  0.000E+00
 -10.214  0.000E+00  0.000E+00  0.000E+00  0.000E+00
 -10.164  0.000E+00  0.000E+00  0.000E+00  0.000E+00
 -10.114  0.000E+00  0.000E+00  0.000E+00  0.000E+00
 -10.064  0.000E+00  0.000E+00  0.000E+00  0.000E+00
 -10.014  0.000E+00  0.000E+00  0.000E+00  0.000E+00
  -9.964  0.000E+00  0.000E+00  0.000E+00  0.000E+00
  -9.914  0.000E+00  0.000E+00  0.000E+00  0.000E+00
  -9.864  0.000E+00  0.000E+00  0.000E+00  0.000E+00
  -9.814  0.000E+00  0.000E+00  0.000E+00  0.000E+00
  -9.764  0.000E+00  0.000E+00  0.000E+00  0.000E+00
  -9.714  0.000E+00  0.000E+00  0.000E+00  0.000E+00
  -9.664  0.000E+00  0.000E+00  0.000E+00  0.000E+00
  -9.614  0.000E+00  0.000E+00  0.000E+00  0.000E+00
  -9.564  0.000E+00  0.000E+00  0.000E+00  0.000E+00
  -9.514  0.000E+00  0.000E+00  0.000E+00  0.000E+00
  -9.464  0.000E+00  0.000E+00  0.000E+00  0.000E+00
  -9.414  0.000E+00  0.000E+00  0.000E+00  0.000E+00
  -9.364  0.000E+00  0.000E+00  0.000E+00  0.000E+00
  -9.314  0.000E+00  0.000E+00  0.000E+00  0.000E+00
  -9.264  0.000E+00  0.000E+00  0.000E+00  0.000E+00
  -9.214  0.000E+00  0.000E+00  0.000E+00  0.000E+00
  -9.164  0.000E+00  0.000E+00  0.000E+00  0.000E+00
  -9.114  0.000E+00  0.000E+00  0.000E+00  0.000E+00
  -9.064  0.000E+00  0.000E+00  0.000E+00  0.000E+00
  -9.014  0.000E+00  0.000E+00  0.000E+00  0.000E+00
  -8.964  0.000E+00  0.000E+00  0.000E+00  0.000E+00
  -8.914  0.000E+00  0.000E+00  0.000E+00  0.000E+00
  -8.864  0.000E+00  0.000E+00  0.000E+00  0.000E+00
  -8.814  0.000E+00  0.000E+00  0.000E+00  0.000E+00
  -8.764  0.000E+00  0.000E+00  0.000E+00  0.000E+00
  -8.714  0.000E+00  0.000E+00  0.000E+00  0.000E+00
  -8.664  0.000E+00  0.000E+00  0.000E+00  0.000E+00
  -8.614  0.000E+00  0.000E+00  0.000E+00  0.000E+00
  -8.564  0.000E+00  0.000E+00  0.000E+00  0.000E+00
  -8.514  0.000E+00  0.000E+00  0.000E+00  0.000E+00
  -8.464  0.000E+00  0.000E+00  0.000E+00  0.000E+00
  -8.414  0.000E+00  0.000E+00  0.000E+00  0.000E+00
  -8.364  0.000E+00  0.000E+00  0.000E+00  0.000E+00
  -8.314  0.000E+00  0.000E+00  0.000E+00  0.000E+00
  -8.264  0.000E+00  0.000E+00  0.000E+00  0.000E+00
  -8.214  0.000E+00  0.000E+00  0.000E+00  0.000E+00
  -8.164  0.000E+00  0.000E+00  0.000E+00  0.000E+00
  -8.114  0.000E+00  0.000E+00  0.000E+00  0.000E+00
  -8.064  0.000E+00  0.000E+00  0.000E+00  0.000E+00
  -8.014  0.000E+00  0.000E+00  0.000E+00  0.000E+00
  -7.964  0.000E+00  0.000E+00  0.000E+00  0.000E+00
  -7.914  0.000E+00  0.000E+00  0.000E+00  0.000E+00
  -7.864  0.000E+00  0.000E+00  0.000E+00  0.000E+00
  -7.814  0.000E+00  0.000E+00  0.000E+00  0.000E+00
  -7.764  0.000E+00  0.000E+00  0.000E+00  0.000E+00
  -7.714  0.000E+00  0.000E+00  0.000E+00  0.000E+00
  -7.664  0.000E+00  0.000E+00  0.000E+00  0.000E+00
  -7.614  0.000E+00  0.000E+00  0.000E+00  0.000E+00
  -7.564  0.000E+00  0.000E+00  0.000E+00  0.000E+00
  -7.514  0.000E+00  0.000E+00  0.000E+00  0.000E+00
  -7.464  0.000E+00  0.000E+00  0.000E+00  0.000E+00
  -7.414  0.000E+00  0.000E+00  0.000E+00  0.000E+00
  -7.364  0.000E+00  0.000E+00  0.000E+00  0.000E+00
  -7.314  0.000E+00  0.000E+00  0.000E+00  0.000E+00
  -7.264  0.000E+00  0.000E+00  0.000E+00  0.000E+00
  -7.214  0.000E+00  0.000E+00  0.000E+00  0.000E+00
  -7.164  0.000E+00  0.000E+00  0.000E+00  0.000E+00
  -7.114  0.000E+00  0.000E+00  0.000E+00  0.000E+00
  -7.064  0.000E+00  0.000E+00  0.000E+00  0.000E+00
  -7.014  0.000E+00  0.000E+00  0.000E+00  0.000E+00
  -6.964  0.000E+00  0.000E+00  0.000E+00  0.000E+00
  -6.914  0.000E+00  0.000E+00  0.000E+00  0.000E+00
  -6.864  0.000E+00  0.000E+00  0.000E+00  0.000E+00
  -6.814  0.000E+00  0.000E+00  0.000E+00  0.000E+00
  -6.764  0.000E+00  0.000E+00  0.000E+00  0.000E+00
  -6.714  0.000E+00  0.000E+00  0.000E+00  0.000E+00
  -6.664  0.000E+00  0.000E+00  0.000E+00  0.000E+00
  -6.614  0.308E-12  0.308E-12  0.354E-16  0.354E-16
  -6.564  0.838E-11  0.838E-11  0.109E-14  0.109E-14
  -6.514  0.181E-09  0.181E-09  0.257E-13  0.257E-13
  -6.464  0.314E-08  0.314E-08  0.479E-12  0.479E-12
  -6.414  0.439E-07  0.439E-07  0.721E-11  0.721E-11
  -6.364  0.494E-06  0.494E-06  0.875E-10  0.875E-10
  -6.314  0.449E-05  0.449E-05  0.861E-09  0.861E-09
  -6.264  0.330E-04  0.330E-04  0.688E-08  0.688E-08
  -6.214  0.197E-03  0.196E-03  0.448E-07  0.448E-07
  -6.164  0.951E-03  0.951E-03  0.238E-06  0.238E-06
  -6.114  0.376E-02  0.376E-02  0.104E-05  0.104E-05
  -6.064  0.122E-01  0.122E-01  0.376E-05  0.376E-05
  -6.014  0.327E-01  0.327E-01  0.113E-04  0.113E-04
  -5.964  0.735E-01  0.734E-01  0.284E-04  0.284E-04
  -5.914  0.140E+00  0.140E+00  0.605E-04  0.605E-04
  -5.864  0.234E+00  0.233E+00  0.111E-03  0.111E-03
  -5.814  0.350E+00  0.349E+00  0.175E-03  0.175E-03
  -5.764  0.488E+00  0.487E+00  0.245E-03  0.245E-03
  -5.714  0.651E+00  0.650E+00  0.303E-03  0.303E-03
  -5.664  0.831E+00  0.831E+00  0.335E-03  0.335E-03
  -5.614  0.988E+00  0.988E+00  0.329E-03  0.329E-03
  -5.564  0.105E+01  0.105E+01  0.284E-03  0.284E-03
  -5.514  0.969E+00  0.968E+00  0.213E-03  0.213E-03
  -5.464  0.752E+00  0.752E+00  0.137E-03  0.137E-03
  -5.414  0.485E+00  0.485E+00  0.741E-04  0.741E-04
  -5.364  0.256E+00  0.256E+00  0.336E-04  0.336E-04
  -5.314  0.110E+00  0.110E+00  0.127E-04  0.127E-04
  -5.264  0.386E-01  0.386E-01  0.392E-05  0.392E-05
  -5.214  0.109E-01  0.109E-01  0.996E-06  0.996E-06
  -5.164  0.250E-02  0.249E-02  0.206E-06  0.206E-06
  -5.114  0.459E-03  0.459E-03  0.347E-07  0.347E-07
  -5.064  0.680E-04  0.680E-04  0.473E-08  0.474E-08
  -5.014  0.809E-05  0.809E-05  0.523E-09  0.523E-09
  -4.964  0.774E-06  0.774E-06  0.466E-10  0.467E-10
  -4.914  0.595E-07  0.595E-07  0.336E-11  0.336E-11
  -4.864  0.367E-08  0.367E-08  0.195E-12  0.195E-12
  -4.814  0.182E-09  0.182E-09  0.938E-14  0.938E-14
  -4.764  0.149E-10  0.149E-10  0.866E-14  0.866E-14
  -4.714  0.117E-09  0.117E-09  0.169E-12  0.169E-12
  -4.664  0.143E-08  0.143E-08  0.274E-11  0.274E-11
  -4.614  0.141E-07  0.141E-07  0.355E-10  0.355E-10
  -4.564  0.113E-06  0.112E-06  0.369E-09  0.369E-09
  -4.514  0.739E-06  0.732E-06  0.307E-08  0.307E-08
  -4.464  0.394E-05  0.390E-05  0.204E-07  0.204E-07
  -4.414  0.172E-04  0.170E-04  0.109E-06  0.109E-06
  -4.364  0.617E-04  0.608E-04  0.471E-06  0.471E-06
  -4.314  0.182E-03  0.179E-03  0.164E-05  0.164E-05
  -4.264  0.444E-03  0.435E-03  0.471E-05  0.471E-05
  -4.214  0.897E-03  0.874E-03  0.113E-04  0.113E-04
  -4.164  0.151E-02  0.147E-02  0.234E-04  0.234E-04
  -4.114  0.217E-02  0.208E-02  0.431E-04  0.431E-04
  -4.064  0.273E-02  0.259E-02  0.729E-04  0.729E-04
  -4.014  0.313E-02  0.291E-02  0.113E-03  0.113E-03
  -3.964  0.337E-02  0.306E-02  0.159E-03  0.159E-03
  -3.914  0.343E-02  0.302E-02  0.202E-03  0.202E-03
  -3.864  0.329E-02  0.280E-02  0.241E-03  0.241E-03
  -3.814  0.306E-02  0.248E-02  0.293E-03  0.293E-03
  -3.764  0.298E-02  0.223E-02  0.378E-03  0.378E-03
  -3.714  0.314E-02  0.215E-02  0.496E-03  0.496E-03
  -3.664  0.338E-02  0.216E-02  0.611E-03  0.611E-03
  -3.614  0.344E-02  0.207E-02  0.682E-03  0.682E-03
  -3.564  0.323E-02  0.182E-02  0.703E-03  0.703E-03
  -3.514  0.292E-02  0.147E-02  0.724E-03  0.724E-03
  -3.464  0.282E-02  0.117E-02  0.826E-03  0.826E-03
  -3.414  0.317E-02  0.102E-02  0.108E-02  0.108E-02
  -3.364  0.391E-02  0.101E-02  0.145E-02  0.145E-02
  -3.314  0.466E-02  0.106E-02  0.180E-02  0.180E-02
  -3.264  0.498E-02  0.103E-02  0.198E-02  0.198E-02
  -3.214  0.479E-02  0.883E-03  0.195E-02  0.195E-02
  -3.164  0.443E-02  0.669E-03  0.188E-02  0.188E-02
  -3.114  0.441E-02  0.474E-03  0.197E-02  0.197E-02
  -3.064  0.507E-02  0.346E-03  0.236E-02  0.236E-02
  -3.014  0.648E-02  0.279E-03  0.310E-02  0.310E-02
  -2.964  0.845E-02  0.249E-03  0.410E-02  0.410E-02
  -2.914  0.105E-01  0.235E-03  0.515E-02  0.515E-02
  -2.864  0.122E-01  0.224E-03  0.597E-02  0.597E-02
  -2.814  0.129E-01  0.209E-03  0.636E-02  0.636E-02
  -2.764  0.132E-01  0.188E-03  0.648E-02  0.648E-02
  -2.714  0.141E-01  0.167E-03  0.697E-02  0.697E-02
  -2.664  0.176E-01  0.162E-03  0.870E-02  0.870E-02
  -2.614  0.245E-01  0.206E-03  0.122E-01  0.122E-01
  -2.564  0.343E-01  0.351E-03  0.170E-01  0.170E-01
  -2.514  0.451E-01  0.646E-03  0.222E-01  0.222E-01
  -2.464  0.555E-01  0.113E-02  0.272E-01  0.272E-01
  -2.414  0.664E-01  0.182E-02  0.323E-01  0.323E-01
  -2.364  0.813E-01  0.285E-02  0.392E-01  0.392E-01
  -2.314  0.105E+00  0.449E-02  0.502E-01  0.502E-01
  -2.264  0.141E+00  0.726E-02  0.669E-01  0.669E-01
  -2.214  0.192E+00  0.120E-01  0.900E-01  0.900E-01
  -2.164  0.259E+00  0.205E-01  0.119E+00  0.119E+00
  -2.114  0.349E+00  0.353E-01  0.157E+00  0.157E+00
  -2.064  0.481E+00  0.605E-01  0.210E+00  0.210E+00
  -2.014  0.678E+00  0.100E+00  0.289E+00  0.289E+00
  -1.964  0.953E+00  0.159E+00  0.397E+00  0.397E+00
  -1.914  0.129E+01  0.234E+00  0.528E+00  0.528E+00
  -1.864  0.165E+01  0.318E+00  0.665E+00  0.665E+00
  -1.814  0.196E+01  0.389E+00  0.786E+00  0.786E+00
  -1.764  0.219E+01  0.423E+00  0.883E+00  0.883E+00
  -1.714  0.232E+01  0.406E+00  0.958E+00  0.958E+00
  -1.664  0.240E+01  0.341E+00  0.103E+01  0.103E+01
  -1.614  0.248E+01  0.253E+00  0.111E+01  0.111E+01
  -1.564  0.253E+01  0.172E+00  0.118E+01  0.118E+01
  -1.514  0.247E+01  0.112E+00  0.118E+01  0.118E+01
  -1.464  0.221E+01  0.757E-01  0.107E+01  0.107E+01
  -1.414  0.177E+01  0.546E-01  0.859E+00  0.859E+00
  -1.364  0.127E+01  0.417E-01  0.613E+00  0.613E+00
  -1.314  0.846E+00  0.327E-01  0.407E+00  0.407E+00
  -1.264  0.576E+00  0.260E-01  0.275E+00  0.275E+00
  -1.214  0.445E+00  0.212E-01  0.212E+00  0.212E+00
  -1.164  0.395E+00  0.182E-01  0.189E+00  0.189E+00
  -1.114  0.375E+00  0.165E-01  0.179E+00  0.179E+00
  -1.064  0.354E+00  0.166E-01  0.169E+00  0.169E+00
  -1.014  0.328E+00  0.200E-01  0.154E+00  0.154E+00
  -0.964  0.306E+00  0.291E-01  0.139E+00  0.139E+00
  -0.914  0.300E+00  0.442E-01  0.128E+00  0.128E+00
  -0.864  0.309E+00  0.611E-01  0.124E+00  0.124E+00
  -0.814  0.320E+00  0.725E-01  0.124E+00  0.124E+00
  -0.764  0.319E+00  0.732E-01  0.123E+00  0.123E+00
  -0.714  0.307E+00  0.643E-01  0.121E+00  0.121E+00
  -0.664  0.295E+00  0.517E-01  0.122E+00  0.122E+00
  -0.614  0.297E+00  0.408E-01  0.128E+00  0.128E+00
  -0.564  0.315E+00  0.333E-01  0.141E+00  0.141E+00
  -0.514  0.342E+00  0.288E-01  0.157E+00  0.157E+00
  -0.464  0.365E+00  0.259E-01  0.170E+00  0.170E+00
  -0.414  0.372E+00  0.239E-01  0.174E+00  0.174E+00
  -0.364  0.359E+00  0.223E-01  0.168E+00  0.168E+00
  -0.314  0.332E+00  0.210E-01  0.156E+00  0.156E+00
  -0.264  0.300E+00  0.204E-01  0.140E+00  0.140E+00
  -0.214  0.268E+00  0.214E-01  0.124E+00  0.124E+00
  -0.164  0.239E+00  0.243E-01  0.108E+00  0.108E+00
  -0.114  0.212E+00  0.285E-01  0.918E-01  0.918E-01
  -0.064  0.185E+00  0.322E-01  0.764E-01  0.765E-01
  -0.014  0.158E+00  0.338E-01  0.622E-01  0.622E-01
   0.036  0.132E+00  0.322E-01  0.497E-01  0.497E-01
   0.086  0.107E+00  0.281E-01  0.397E-01  0.397E-01
   0.136  0.886E-01  0.229E-01  0.328E-01  0.328E-01
   0.186  0.777E-01  0.184E-01  0.297E-01  0.297E-01
   0.236  0.762E-01  0.157E-01  0.303E-01  0.303E-01
   0.286  0.824E-01  0.152E-01  0.336E-01  0.336E-01
   0.336  0.914E-01  0.166E-01  0.374E-01  0.374E-01
   0.386  0.971E-01  0.192E-01  0.390E-01  0.390E-01
   0.436  0.955E-01  0.224E-01  0.365E-01  0.365E-01
   0.486  0.873E-01  0.264E-01  0.304E-01  0.304E-01
   0.536  0.770E-01  0.309E-01  0.230E-01  0.230E-01
   0.586  0.689E-01  0.353E-01  0.168E-01  0.168E-01
   0.636  0.641E-01  0.381E-01  0.130E-01  0.130E-01
   0.686  0.608E-01  0.383E-01  0.113E-01  0.113E-01
   0.736  0.567E-01  0.354E-01  0.107E-01  0.107E-01
   0.786  0.506E-01  0.302E-01  0.102E-01  0.102E-01
   0.836  0.432E-01  0.244E-01  0.940E-02  0.940E-02
   0.886  0.363E-01  0.195E-01  0.841E-02  0.841E-02
   0.936  0.317E-01  0.165E-01  0.756E-02  0.757E-02
   0.986  0.293E-01  0.152E-01  0.703E-02  0.703E-02
   1.036  0.282E-01  0.148E-01  0.669E-02  0.669E-02
   1.086  0.273E-01  0.147E-01  0.633E-02  0.633E-02
   1.136  0.261E-01  0.143E-01  0.587E-02  0.587E-02
   1.186  0.246E-01  0.137E-01  0.543E-02  0.543E-02
   1.236  0.234E-01  0.131E-01  0.519E-02  0.519E-02
   1.286  0.232E-01  0.127E-01  0.521E-02  0.521E-02
   1.336  0.237E-01  0.129E-01  0.537E-02  0.537E-02
   1.386  0.244E-01  0.134E-01  0.547E-02  0.547E-02
   1.436  0.246E-01  0.139E-01  0.535E-02  0.535E-02
   1.486  0.239E-01  0.138E-01  0.505E-02  0.505E-02
   1.536  0.224E-01  0.129E-01  0.473E-02  0.473E-02
   1.586  0.205E-01  0.114E-01  0.454E-02  0.453E-02
   1.636  0.188E-01  0.985E-02  0.446E-02  0.446E-02
   1.686  0.174E-01  0.865E-02  0.440E-02  0.440E-02
   1.736  0.166E-01  0.807E-02  0.426E-02  0.426E-02
   1.786  0.160E-01  0.802E-02  0.399E-02  0.399E-02
   1.836  0.153E-01  0.811E-02  0.360E-02  0.360E-02
   1.886  0.143E-01  0.795E-02  0.317E-02  0.317E-02
   1.936  0.129E-01  0.738E-02  0.275E-02  0.275E-02
   1.986  0.115E-01  0.665E-02  0.241E-02  0.241E-02
   2.036  0.104E-01  0.609E-02  0.217E-02  0.217E-02
   2.086  0.986E-02  0.587E-02  0.199E-02  0.199E-02
   2.136  0.967E-02  0.602E-02  0.183E-02  0.183E-02
   2.186  0.983E-02  0.654E-02  0.164E-02  0.164E-02
   2.236  0.105E-01  0.752E-02  0.149E-02  0.149E-02
   2.286  0.119E-01  0.903E-02  0.141E-02  0.141E-02
   2.336  0.138E-01  0.109E-01  0.146E-02  0.146E-02
   2.386  0.157E-01  0.125E-01  0.161E-02  0.161E-02
   2.436  0.167E-01  0.130E-01  0.185E-02  0.185E-02
   2.486  0.166E-01  0.122E-01  0.222E-02  0.222E-02
   2.536  0.160E-01  0.103E-01  0.289E-02  0.289E-02
   2.586  0.162E-01  0.814E-02  0.402E-02  0.402E-02
   2.636  0.180E-01  0.667E-02  0.565E-02  0.565E-02
   2.686  0.214E-01  0.626E-02  0.755E-02  0.755E-02
   2.736  0.252E-01  0.672E-02  0.923E-02  0.923E-02
   2.786  0.279E-01  0.757E-02  0.102E-01  0.102E-01
   2.836  0.287E-01  0.842E-02  0.101E-01  0.101E-01
   2.886  0.275E-01  0.915E-02  0.917E-02  0.917E-02
   2.936  0.255E-01  0.985E-02  0.781E-02  0.781E-02
   2.986  0.239E-01  0.106E-01  0.667E-02  0.667E-02
   3.036  0.236E-01  0.113E-01  0.618E-02  0.618E-02
   3.086  0.250E-01  0.120E-01  0.650E-02  0.650E-02
   3.136  0.275E-01  0.125E-01  0.750E-02  0.750E-02
   3.186  0.305E-01  0.127E-01  0.887E-02  0.887E-02
   3.236  0.328E-01  0.124E-01  0.102E-01  0.102E-01
   3.286  0.338E-01  0.115E-01  0.111E-01  0.111E-01
   3.336  0.341E-01  0.103E-01  0.119E-01  0.119E-01
   3.386  0.356E-01  0.930E-02  0.132E-01  0.132E-01
   3.436  0.403E-01  0.886E-02  0.157E-01  0.157E-01
   3.486  0.483E-01  0.891E-02  0.197E-01  0.197E-01
   3.536  0.574E-01  0.897E-02  0.242E-01  0.242E-01
   3.586  0.639E-01  0.863E-02  0.276E-01  0.276E-01
   3.636  0.653E-01  0.798E-02  0.286E-01  0.286E-01
   3.686  0.615E-01  0.744E-02  0.270E-01  0.270E-01
   3.736  0.547E-01  0.733E-02  0.237E-01  0.237E-01
   3.786  0.479E-01  0.760E-02  0.201E-01  0.201E-01
   3.836  0.430E-01  0.797E-02  0.175E-01  0.175E-01
   3.886  0.408E-01  0.820E-02  0.163E-01  0.163E-01
   3.936  0.411E-01  0.819E-02  0.165E-01  0.165E-01
   3.986  0.431E-01  0.802E-02  0.175E-01  0.175E-01
   4.036  0.459E-01  0.783E-02  0.190E-01  0.190E-01
   4.086  0.489E-01  0.771E-02  0.206E-01  0.206E-01
   4.136  0.511E-01  0.765E-02  0.217E-01  0.217E-01
   4.186  0.523E-01  0.770E-02  0.223E-01  0.223E-01
   4.236  0.533E-01  0.803E-02  0.226E-01  0.226E-01
   4.286  0.551E-01  0.882E-02  0.232E-01  0.232E-01
   4.336  0.586E-01  0.993E-02  0.244E-01  0.244E-01
   4.386  0.630E-01  0.108E-01  0.261E-01  0.261E-01
   4.436  0.662E-01  0.110E-01  0.276E-01  0.276E-01
   4.486  0.665E-01  0.105E-01  0.280E-01  0.280E-01
   4.536  0.636E-01  0.950E-02  0.271E-01  0.271E-01
   4.586  0.590E-01  0.857E-02  0.252E-01  0.252E-01
   4.636  0.549E-01  0.795E-02  0.235E-01  0.235E-01
   4.686  0.527E-01  0.771E-02  0.225E-01  0.225E-01
   4.736  0.525E-01  0.779E-02  0.224E-01  0.224E-01
   4.786  0.532E-01  0.813E-02  0.225E-01  0.225E-01
   4.836  0.534E-01  0.865E-02  0.224E-01  0.224E-01
   4.886  0.524E-01  0.912E-02  0.217E-01  0.217E-01
   4.936  0.509E-01  0.932E-02  0.208E-01  0.208E-01
   4.986  0.498E-01  0.924E-02  0.203E-01  0.203E-01
   5.036  0.498E-01  0.914E-02  0.203E-01  0.203E-01
   5.086  0.505E-01  0.942E-02  0.205E-01  0.205E-01
   5.136  0.509E-01  0.103E-01  0.203E-01  0.203E-01
   5.186  0.505E-01  0.117E-01  0.194E-01  0.194E-01
   5.236  0.499E-01  0.132E-01  0.183E-01  0.183E-01
   5.286  0.509E-01  0.145E-01  0.182E-01  0.182E-01
   5.336  0.547E-01  0.154E-01  0.197E-01  0.197E-01
   5.386  0.612E-01  0.159E-01  0.226E-01  0.226E-01
   5.436  0.683E-01  0.164E-01  0.259E-01  0.259E-01
   5.486  0.734E-01  0.170E-01  0.282E-01  0.282E-01
   5.536  0.752E-01  0.178E-01  0.287E-01  0.287E-01
   5.586  0.743E-01  0.187E-01  0.278E-01  0.278E-01
   5.636  0.728E-01  0.199E-01  0.264E-01  0.264E-01
   5.686  0.729E-01  0.216E-01  0.257E-01  0.257E-01
   5.736  0.756E-01  0.238E-01  0.259E-01  0.259E-01
   5.786  0.802E-01  0.259E-01  0.271E-01  0.271E-01
   5.836  0.848E-01  0.269E-01  0.290E-01  0.290E-01
   5.886  0.883E-01  0.261E-01  0.311E-01  0.311E-01
   5.936  0.906E-01  0.234E-01  0.336E-01  0.336E-01
   5.986  0.934E-01  0.198E-01  0.368E-01  0.368E-01
   6.036  0.978E-01  0.163E-01  0.408E-01  0.408E-01
   6.086  0.103E+00  0.135E-01  0.449E-01  0.449E-01
   6.136  0.108E+00  0.120E-01  0.481E-01  0.481E-01
   6.186  0.112E+00  0.118E-01  0.499E-01  0.499E-01
   6.236  0.117E+00  0.128E-01  0.519E-01  0.519E-01
   6.286  0.127E+00  0.147E-01  0.564E-01  0.564E-01
   6.336  0.144E+00  0.169E-01  0.635E-01  0.635E-01
   6.386  0.159E+00  0.189E-01  0.701E-01  0.701E-01
   6.436  0.165E+00  0.204E-01  0.725E-01  0.725E-01
   6.486  0.162E+00  0.213E-01  0.705E-01  0.705E-01
   6.536  0.156E+00  0.220E-01  0.672E-01  0.672E-01
   6.586  0.153E+00  0.221E-01  0.655E-01  0.655E-01
   6.636  0.154E+00  0.212E-01  0.662E-01  0.662E-01
   6.686  0.156E+00  0.190E-01  0.684E-01  0.684E-01
   6.736  0.159E+00  0.160E-01  0.713E-01  0.713E-01
   6.786  0.162E+00  0.132E-01  0.742E-01  0.742E-01
   6.836  0.165E+00  0.110E-01  0.768E-01  0.768E-01
   6.886  0.172E+00  0.959E-02  0.815E-01  0.815E-01
   6.936  0.193E+00  0.898E-02  0.921E-01  0.921E-01
   6.986  0.230E+00  0.924E-02  0.110E+00  0.110E+00
   7.036  0.275E+00  0.101E-01  0.132E+00  0.132E+00
   7.086  0.311E+00  0.110E-01  0.150E+00  0.150E+00
   7.136  0.330E+00  0.113E-01  0.159E+00  0.159E+00
   7.186  0.338E+00  0.109E-01  0.164E+00  0.164E+00
   7.236  0.351E+00  0.989E-02  0.171E+00  0.171E+00
   7.286  0.381E+00  0.870E-02  0.186E+00  0.186E+00
   7.336  0.432E+00  0.751E-02  0.212E+00  0.212E+00
   7.386  0.507E+00  0.643E-02  0.250E+00  0.250E+00
   7.436  0.593E+00  0.568E-02  0.293E+00  0.293E+00
   7.486  0.651E+00  0.540E-02  0.323E+00  0.323E+00
   7.536  0.642E+00  0.556E-02  0.318E+00  0.318E+00
   7.586  0.558E+00  0.590E-02  0.276E+00  0.276E+00
   7.636  0.435E+00  0.620E-02  0.214E+00  0.214E+00
   7.686  0.332E+00  0.642E-02  0.163E+00  0.163E+00
   7.736  0.287E+00  0.670E-02  0.140E+00  0.140E+00
   7.786  0.301E+00  0.707E-02  0.147E+00  0.147E+00
   7.836  0.344E+00  0.737E-02  0.168E+00  0.168E+00
   7.886  0.392E+00  0.759E-02  0.192E+00  0.192E+00
   7.936  0.442E+00  0.803E-02  0.217E+00  0.217E+00
   7.986  0.507E+00  0.915E-02  0.249E+00  0.249E+00
   8.036  0.591E+00  0.110E-01  0.290E+00  0.290E+00
   8.086  0.666E+00  0.130E-01  0.326E+00  0.326E+00
   8.136  0.698E+00  0.142E-01  0.342E+00  0.342E+00
   8.186  0.677E+00  0.142E-01  0.331E+00  0.331E+00
   8.236  0.628E+00  0.132E-01  0.307E+00  0.307E+00
   8.286  0.575E+00  0.119E-01  0.281E+00  0.281E+00
   8.336  0.521E+00  0.106E-01  0.255E+00  0.255E+00
   8.386  0.458E+00  0.948E-02  0.224E+00  0.224E+00
   8.436  0.384E+00  0.908E-02  0.188E+00  0.188E+00
   8.486  0.317E+00  0.102E-01  0.153E+00  0.153E+00
   8.536  0.274E+00  0.132E-01  0.131E+00  0.131E+00
   8.586  0.264E+00  0.178E-01  0.123E+00  0.123E+00
   8.636  0.277E+00  0.225E-01  0.127E+00  0.127E+00
   8.686  0.297E+00  0.261E-01  0.135E+00  0.135E+00
   8.736  0.313E+00  0.280E-01  0.143E+00  0.143E+00
   8.786  0.321E+00  0.294E-01  0.146E+00  0.146E+00
   8.836  0.319E+00  0.310E-01  0.144E+00  0.144E+00
   8.886  0.308E+00  0.320E-01  0.138E+00  0.138E+00
   8.936  0.282E+00  0.306E-01  0.126E+00  0.126E+00
   8.986  0.246E+00  0.261E-01  0.110E+00  0.110E+00
   9.036  0.211E+00  0.208E-01  0.952E-01  0.952E-01
   9.086  0.197E+00  0.180E-01  0.895E-01  0.895E-01
   9.136  0.215E+00  0.197E-01  0.979E-01  0.978E-01
   9.186  0.268E+00  0.252E-01  0.121E+00  0.121E+00
   9.236  0.344E+00  0.314E-01  0.156E+00  0.156E+00
   9.286  0.420E+00  0.351E-01  0.193E+00  0.192E+00
   9.336  0.468E+00  0.347E-01  0.217E+00  0.217E+00
   9.386  0.476E+00  0.311E-01  0.223E+00  0.222E+00
   9.436  0.459E+00  0.256E-01  0.217E+00  0.216E+00
   9.486  0.444E+00  0.196E-01  0.213E+00  0.212E+00
   9.536  0.446E+00  0.142E-01  0.216E+00  0.216E+00
   9.586  0.451E+00  0.103E-01  0.221E+00  0.220E+00
   9.636  0.432E+00  0.848E-02  0.212E+00  0.212E+00
   9.686  0.381E+00  0.869E-02  0.186E+00  0.186E+00
   9.736  0.310E+00  0.108E-01  0.149E+00  0.150E+00
   9.786  0.244E+00  0.143E-01  0.114E+00  0.116E+00
   9.836  0.194E+00  0.177E-01  0.859E-01  0.905E-01
   9.886  0.159E+00  0.194E-01  0.664E-01  0.732E-01
   9.936  0.129E+00  0.182E-01  0.511E-01  0.593E-01
   9.986  0.975E-01  0.147E-01  0.374E-01  0.454E-01
  10.036  0.676E-01  0.104E-01  0.255E-01  0.317E-01
  10.086  0.434E-01  0.686E-02  0.163E-01  0.203E-01
  10.136  0.267E-01  0.455E-02  0.100E-01  0.121E-01
  10.186  0.161E-01  0.324E-02  0.594E-02  0.688E-02
  10.236  0.945E-02  0.247E-02  0.331E-02  0.367E-02
  10.286  0.535E-02  0.190E-02  0.166E-02  0.179E-02
  10.336  0.287E-02  0.136E-02  0.738E-03  0.775E-03
  10.386  0.144E-02  0.853E-03  0.289E-03  0.298E-03
  10.436  0.650E-03  0.448E-03  0.101E-03  0.102E-03
  10.486  0.255E-03  0.192E-03  0.315E-04  0.313E-04
  10.536  0.841E-04  0.669E-04  0.872E-05  0.853E-05
  10.586  0.228E-04  0.187E-04  0.210E-05  0.202E-05
  10.636  0.504E-05  0.420E-05  0.427E-06  0.408E-06
  10.686  0.896E-06  0.755E-06  0.723E-07  0.686E-07
  10.736  0.128E-06  0.109E-06  0.100E-07  0.945E-08
