# E (eV)   ldos(E)   pdos(E)   
 -17.864  0.138E-03  0.138E-03
 -17.814  0.924E-03  0.924E-03
 -17.764  0.495E-02  0.495E-02
 -17.714  0.212E-01  0.212E-01
 -17.664  0.727E-01  0.727E-01
 -17.614  0.199E+00  0.199E+00
 -17.564  0.437E+00  0.437E+00
 -17.514  0.767E+00  0.767E+00
 -17.464  0.108E+01  0.108E+01
 -17.414  0.121E+01  0.121E+01
 -17.364  0.109E+01  0.109E+01
 -17.314  0.781E+00  0.781E+00
 -17.264  0.449E+00  0.449E+00
 -17.214  0.206E+00  0.206E+00
 -17.164  0.759E-01  0.759E-01
 -17.114  0.223E-01  0.223E-01
 -17.064  0.526E-02  0.526E-02
 -17.014  0.990E-03  0.990E-03
 -16.964  0.149E-03  0.149E-03
 -16.914  0.180E-04  0.180E-04
 -16.864  0.173E-05  0.173E-05
 -16.814  0.133E-06  0.133E-06
 -16.764  0.823E-08  0.823E-08
 -16.714  0.406E-09  0.406E-09
 -16.664  0.160E-10  0.160E-10
 -16.614  0.000E+00  0.000E+00
 -16.564  0.000E+00  0.000E+00
 -16.514  0.000E+00  0.000E+00
 -16.464  0.000E+00  0.000E+00
 -16.414  0.000E+00  0.000E+00
 -16.364  0.000E+00  0.000E+00
 -16.314  0.000E+00  0.000E+00
 -16.264  0.000E+00  0.000E+00
 -16.214  0.000E+00  0.000E+00
 -16.164  0.000E+00  0.000E+00
 -16.114  0.000E+00  0.000E+00
 -16.064  0.000E+00  0.000E+00
 -16.014  0.000E+00  0.000E+00
 -15.964  0.000E+00  0.000E+00
 -15.914  0.000E+00  0.000E+00
 -15.864  0.000E+00  0.000E+00
 -15.814  0.000E+00  0.000E+00
 -15.764  0.000E+00  0.000E+00
 -15.714  0.000E+00  0.000E+00
 -15.664  0.000E+00  0.000E+00
 -15.614  0.000E+00  0.000E+00
 -15.564  0.000E+00  0.000E+00
 -15.514  0.000E+00  0.000E+00
 -15.464  0.000E+00  0.000E+00
 -15.414  0.000E+00  0.000E+00
 -15.364  0.000E+00  0.000E+00
 -15.314  0.000E+00  0.000E+00
 -15.264  0.000E+00  0.000E+00
 -15.214  0.000E+00  0.000E+00
 -15.164  0.000E+00  0.000E+00
 -15.114  0.000E+00  0.000E+00
 -15.064  0.000E+00  0.000E+00
 -15.014  0.000E+00  0.000E+00
 -14.964  0.000E+00  0.000E+00
 -14.914  0.000E+00  0.000E+00
 -14.864  0.000E+00  0.000E+00
 -14.814  0.000E+00  0.000E+00
 -14.764  0.000E+00  0.000E+00
 -14.714  0.000E+00  0.000E+00
 -14.664  0.000E+00  0.000E+00
 -14.614  0.000E+00  0.000E+00
 -14.564  0.000E+00  0.000E+00
 -14.514  0.000E+00  0.000E+00
 -14.464  0.000E+00  0.000E+00
 -14.414  0.000E+00  0.000E+00
 -14.364  0.000E+00  0.000E+00
 -14.314  0.000E+00  0.000E+00
 -14.264  0.000E+00  0.000E+00
 -14.214  0.000E+00  0.000E+00
 -14.164  0.000E+00  0.000E+00
 -14.114  0.000E+00  0.000E+00
 -14.064  0.000E+00  0.000E+00
 -14.014  0.000E+00  0.000E+00
 -13.964  0.000E+00  0.000E+00
 -13.914  0.000E+00  0.000E+00
 -13.864  0.000E+00  0.000E+00
 -13.814  0.000E+00  0.000E+00
 -13.764  0.000E+00  0.000E+00
 -13.714  0.000E+00  0.000E+00
 -13.664  0.000E+00  0.000E+00
 -13.614  0.000E+00  0.000E+00
 -13.564  0.000E+00  0.000E+00
 -13.514  0.000E+00  0.000E+00
 -13.464  0.000E+00  0.000E+00
 -13.414  0.000E+00  0.000E+00
 -13.364  0.000E+00  0.000E+00
 -13.314  0.000E+00  0.000E+00
 -13.264  0.000E+00  0.000E+00
 -13.214  0.000E+00  0.000E+00
 -13.164  0.000E+00  0.000E+00
 -13.114  0.000E+00  0.000E+00
 -13.064  0.000E+00  0.000E+00
 -13.014  0.000E+00  0.000E+00
 -12.964  0.000E+00  0.000E+00
 -12.914  0.000E+00  0.000E+00
 -12.864  0.000E+00  0.000E+00
 -12.814  0.000E+00  0.000E+00
 -12.764  0.000E+00  0.000E+00
 -12.714  0.000E+00  0.000E+00
 -12.664  0.000E+00  0.000E+00
 -12.614  0.000E+00  0.000E+00
 -12.564  0.000E+00  0.000E+00
 -12.514  0.000E+00  0.000E+00
 -12.464  0.000E+00  0.000E+00
 -12.414  0.000E+00  0.000E+00
 -12.364  0.000E+00  0.000E+00
 -12.314  0.000E+00  0.000E+00
 -12.264  0.000E+00  0.000E+00
 -12.214  0.000E+00  0.000E+00
 -12.164  0.000E+00  0.000E+00
 -12.114  0.000E+00  0.000E+00
 -12.064  0.000E+00  0.000E+00
 -12.014  0.000E+00  0.000E+00
 -11.964  0.000E+00  0.000E+00
 -11.914  0.000E+00  0.000E+00
 -11.864  0.000E+00  0.000E+00
 -11.814  0.000E+00  0.000E+00
 -11.764  0.000E+00  0.000E+00
 -11.714  0.000E+00  0.000E+00
 -11.664  0.000E+00  0.000E+00
 -11.614  0.000E+00  0.000E+00
 -11.564  0.000E+00  0.000E+00
 -11.514  0.000E+00  0.000E+00
 -11.464  0.000E+00  0.000E+00
 -11.414  0.000E+00  0.000E+00
 -11.364  0.000E+00  0.000E+00
 -11.314  0.000E+00  0.000E+00
 -11.264  0.000E+00  0.000E+00
 -11.214  0.000E+00  0.000E+00
 -11.164  0.000E+00  0.000E+00
 -11.114  0.000E+00  0.000E+00
 -11.064  0.000E+00  0.000E+00
 -11.014  0.000E+00  0.000E+00
 -10.964  0.000E+00  0.000E+00
 -10.914  0.000E+00  0.000E+00
 -10.864  0.000E+00  0.000E+00
 -10.814  0.000E+00  0.000E+00
 -10.764  0.000E+00  0.000E+00
 -10.714  0.000E+00  0.000E+00
 -10.664  0.000E+00  0.000E+00
 -10.614  0.000E+00  0.000E+00
 -10.564  0.000E+00  0.000E+00
 -10.514  0.000E+00  0.000E+00
 -10.464  0.000E+00  0.000E+00
 -10.414  0.000E+00  0.000E+00
 -10.364  0.000E+00  0.000E+00
 -10.314  0.000E+00  0.000E+00
 -10.264  0.000E+00  0.000E+00
 -10.214  0.000E+00  0.000E+00
 -10.164  0.000E+00  0.000E+00
 -10.114  0.000E+00  0.000E+00
 -10.064  0.000E+00  0.000E+00
 -10.014  0.000E+00  0.000E+00
  -9.964  0.000E+00  0.000E+00
  -9.914  0.000E+00  0.000E+00
  -9.864  0.000E+00  0.000E+00
  -9.814  0.000E+00  0.000E+00
  -9.764  0.000E+00  0.000E+00
  -9.714  0.000E+00  0.000E+00
  -9.664  0.000E+00  0.000E+00
  -9.614  0.000E+00  0.000E+00
  -9.564  0.000E+00  0.000E+00
  -9.514  0.000E+00  0.000E+00
  -9.464  0.000E+00  0.000E+00
  -9.414  0.000E+00  0.000E+00
  -9.364  0.000E+00  0.000E+00
  -9.314  0.000E+00  0.000E+00
  -9.264  0.000E+00  0.000E+00
  -9.214  0.000E+00  0.000E+00
  -9.164  0.000E+00  0.000E+00
  -9.114  0.000E+00  0.000E+00
  -9.064  0.000E+00  0.000E+00
  -9.014  0.000E+00  0.000E+00
  -8.964  0.000E+00  0.000E+00
  -8.914  0.000E+00  0.000E+00
  -8.864  0.000E+00  0.000E+00
  -8.814  0.000E+00  0.000E+00
  -8.764  0.000E+00  0.000E+00
  -8.714  0.000E+00  0.000E+00
  -8.664  0.000E+00  0.000E+00
  -8.614  0.000E+00  0.000E+00
  -8.564  0.000E+00  0.000E+00
  -8.514  0.000E+00  0.000E+00
  -8.464  0.000E+00  0.000E+00
  -8.414  0.000E+00  0.000E+00
  -8.364  0.000E+00  0.000E+00
  -8.314  0.000E+00  0.000E+00
  -8.264  0.000E+00  0.000E+00
  -8.214  0.000E+00  0.000E+00
  -8.164  0.000E+00  0.000E+00
  -8.114  0.000E+00  0.000E+00
  -8.064  0.000E+00  0.000E+00
  -8.014  0.000E+00  0.000E+00
  -7.964  0.000E+00  0.000E+00
  -7.914  0.000E+00  0.000E+00
  -7.864  0.000E+00  0.000E+00
  -7.814  0.000E+00  0.000E+00
  -7.764  0.000E+00  0.000E+00
  -7.714  0.000E+00  0.000E+00
  -7.664  0.000E+00  0.000E+00
  -7.614  0.000E+00  0.000E+00
  -7.564  0.000E+00  0.000E+00
  -7.514  0.000E+00  0.000E+00
  -7.464  0.000E+00  0.000E+00
  -7.414  0.000E+00  0.000E+00
  -7.364  0.000E+00  0.000E+00
  -7.314  0.000E+00  0.000E+00
  -7.264  0.000E+00  0.000E+00
  -7.214  0.000E+00  0.000E+00
  -7.164  0.000E+00  0.000E+00
  -7.114  0.000E+00  0.000E+00
  -7.064  0.000E+00  0.000E+00
  -7.014  0.000E+00  0.000E+00
  -6.964  0.000E+00  0.000E+00
  -6.914  0.000E+00  0.000E+00
  -6.864  0.000E+00  0.000E+00
  -6.814  0.000E+00  0.000E+00
  -6.764  0.000E+00  0.000E+00
  -6.714  0.000E+00  0.000E+00
  -6.664  0.000E+00  0.000E+00
  -6.614  0.434E-12  0.434E-12
  -6.564  0.118E-10  0.118E-10
  -6.514  0.255E-09  0.255E-09
  -6.464  0.443E-08  0.443E-08
  -6.414  0.618E-07  0.618E-07
  -6.364  0.696E-06  0.696E-06
  -6.314  0.633E-05  0.633E-05
  -6.264  0.465E-04  0.465E-04
  -6.214  0.277E-03  0.277E-03
  -6.164  0.134E-02  0.134E-02
  -6.114  0.531E-02  0.531E-02
  -6.064  0.172E-01  0.172E-01
  -6.014  0.463E-01  0.463E-01
  -5.964  0.104E+00  0.104E+00
  -5.914  0.200E+00  0.200E+00
  -5.864  0.335E+00  0.335E+00
  -5.814  0.505E+00  0.505E+00
  -5.764  0.711E+00  0.711E+00
  -5.714  0.961E+00  0.961E+00
  -5.664  0.124E+01  0.124E+01
  -5.614  0.149E+01  0.149E+01
  -5.564  0.160E+01  0.160E+01
  -5.514  0.148E+01  0.148E+01
  -5.464  0.115E+01  0.115E+01
  -5.414  0.744E+00  0.744E+00
  -5.364  0.394E+00  0.394E+00
  -5.314  0.170E+00  0.170E+00
  -5.264  0.596E-01  0.596E-01
  -5.214  0.169E-01  0.169E-01
  -5.164  0.385E-02  0.385E-02
  -5.114  0.709E-03  0.709E-03
  -5.064  0.105E-03  0.105E-03
  -5.014  0.125E-04  0.125E-04
  -4.964  0.120E-05  0.120E-05
  -4.914  0.921E-07  0.921E-07
  -4.864  0.568E-08  0.568E-08
  -4.814  0.282E-09  0.282E-09
  -4.764  0.270E-10  0.270E-10
  -4.714  0.242E-09  0.242E-09
  -4.664  0.295E-08  0.295E-08
  -4.614  0.292E-07  0.292E-07
  -4.564  0.235E-06  0.235E-06
  -4.514  0.154E-05  0.154E-05
  -4.464  0.822E-05  0.822E-05
  -4.414  0.360E-04  0.360E-04
  -4.364  0.130E-03  0.130E-03
  -4.314  0.385E-03  0.385E-03
  -4.264  0.943E-03  0.943E-03
  -4.214  0.191E-02  0.191E-02
  -4.164  0.325E-02  0.325E-02
  -4.114  0.471E-02  0.471E-02
  -4.064  0.601E-02  0.601E-02
  -4.014  0.700E-02  0.700E-02
  -3.964  0.766E-02  0.766E-02
  -3.914  0.789E-02  0.789E-02
  -3.864  0.762E-02  0.762E-02
  -3.814  0.713E-02  0.713E-02
  -3.764  0.691E-02  0.691E-02
  -3.714  0.721E-02  0.721E-02
  -3.664  0.767E-02  0.767E-02
  -3.614  0.769E-02  0.769E-02
  -3.564  0.703E-02  0.703E-02
  -3.514  0.604E-02  0.604E-02
  -3.464  0.532E-02  0.532E-02
  -3.414  0.532E-02  0.532E-02
  -3.364  0.599E-02  0.599E-02
  -3.314  0.674E-02  0.674E-02
  -3.264  0.690E-02  0.690E-02
  -3.214  0.623E-02  0.623E-02
  -3.164  0.515E-02  0.515E-02
  -3.114  0.428E-02  0.428E-02
  -3.064  0.399E-02  0.399E-02
  -3.014  0.431E-02  0.431E-02
  -2.964  0.522E-02  0.522E-02
  -2.914  0.666E-02  0.666E-02
  -2.864  0.864E-02  0.864E-02
  -2.814  0.111E-01  0.111E-01
  -2.764  0.136E-01  0.136E-01
  -2.714  0.161E-01  0.161E-01
  -2.664  0.184E-01  0.184E-01
  -2.614  0.202E-01  0.202E-01
  -2.564  0.216E-01  0.216E-01
  -2.514  0.225E-01  0.225E-01
  -2.464  0.231E-01  0.231E-01
  -2.414  0.234E-01  0.234E-01
  -2.364  0.233E-01  0.233E-01
  -2.314  0.228E-01  0.228E-01
  -2.264  0.224E-01  0.224E-01
  -2.214  0.228E-01  0.228E-01
  -2.164  0.239E-01  0.239E-01
  -2.114  0.256E-01  0.256E-01
  -2.064  0.279E-01  0.279E-01
  -2.014  0.304E-01  0.304E-01
  -1.964  0.326E-01  0.326E-01
  -1.914  0.335E-01  0.335E-01
  -1.864  0.324E-01  0.324E-01
  -1.814  0.291E-01  0.291E-01
  -1.764  0.241E-01  0.241E-01
  -1.714  0.180E-01  0.180E-01
  -1.664  0.121E-01  0.121E-01
  -1.614  0.728E-02  0.728E-02
  -1.564  0.408E-02  0.408E-02
  -1.514  0.242E-02  0.242E-02
  -1.464  0.185E-02  0.185E-02
  -1.414  0.188E-02  0.188E-02
  -1.364  0.212E-02  0.212E-02
  -1.314  0.239E-02  0.239E-02
  -1.264  0.266E-02  0.266E-02
  -1.214  0.298E-02  0.298E-02
  -1.164  0.336E-02  0.336E-02
  -1.114  0.385E-02  0.385E-02
  -1.064  0.474E-02  0.474E-02
  -1.014  0.671E-02  0.671E-02
  -0.964  0.106E-01  0.106E-01
  -0.914  0.167E-01  0.167E-01
  -0.864  0.236E-01  0.236E-01
  -0.814  0.288E-01  0.288E-01
  -0.764  0.303E-01  0.303E-01
  -0.714  0.285E-01  0.285E-01
  -0.664  0.251E-01  0.251E-01
  -0.614  0.217E-01  0.217E-01
  -0.564  0.188E-01  0.188E-01
  -0.514  0.164E-01  0.164E-01
  -0.464  0.142E-01  0.142E-01
  -0.414  0.123E-01  0.123E-01
  -0.364  0.111E-01  0.111E-01
  -0.314  0.109E-01  0.109E-01
  -0.264  0.118E-01  0.118E-01
  -0.214  0.143E-01  0.143E-01
  -0.164  0.180E-01  0.180E-01
  -0.114  0.223E-01  0.223E-01
  -0.064  0.257E-01  0.257E-01
  -0.014  0.268E-01  0.268E-01
   0.036  0.253E-01  0.253E-01
   0.086  0.217E-01  0.217E-01
   0.136  0.174E-01  0.174E-01
   0.186  0.135E-01  0.135E-01
   0.236  0.110E-01  0.110E-01
   0.286  0.101E-01  0.101E-01
   0.336  0.107E-01  0.107E-01
   0.386  0.123E-01  0.123E-01
   0.436  0.146E-01  0.146E-01
   0.486  0.175E-01  0.175E-01
   0.536  0.207E-01  0.207E-01
   0.586  0.235E-01  0.235E-01
   0.636  0.252E-01  0.252E-01
   0.686  0.249E-01  0.249E-01
   0.736  0.228E-01  0.228E-01
   0.786  0.193E-01  0.193E-01
   0.836  0.155E-01  0.155E-01
   0.886  0.124E-01  0.124E-01
   0.936  0.103E-01  0.103E-01
   0.986  0.919E-02  0.919E-02
   1.036  0.855E-02  0.855E-02
   1.086  0.813E-02  0.813E-02
   1.136  0.784E-02  0.784E-02
   1.186  0.770E-02  0.770E-02
   1.236  0.777E-02  0.777E-02
   1.286  0.811E-02  0.811E-02
   1.336  0.877E-02  0.877E-02
   1.386  0.967E-02  0.967E-02
   1.436  0.106E-01  0.106E-01
   1.486  0.111E-01  0.111E-01
   1.536  0.111E-01  0.111E-01
   1.586  0.105E-01  0.105E-01
   1.636  0.951E-02  0.951E-02
   1.686  0.864E-02  0.864E-02
   1.736  0.823E-02  0.823E-02
   1.786  0.831E-02  0.831E-02
   1.836  0.860E-02  0.860E-02
   1.886  0.871E-02  0.871E-02
   1.936  0.852E-02  0.852E-02
   1.986  0.825E-02  0.825E-02
   2.036  0.820E-02  0.820E-02
   2.086  0.846E-02  0.846E-02
   2.136  0.901E-02  0.901E-02
   2.186  0.992E-02  0.992E-02
   2.236  0.115E-01  0.115E-01
   2.286  0.140E-01  0.140E-01
   2.336  0.171E-01  0.171E-01
   2.386  0.199E-01  0.199E-01
   2.436  0.211E-01  0.211E-01
   2.486  0.202E-01  0.202E-01
   2.536  0.174E-01  0.174E-01
   2.586  0.144E-01  0.144E-01
   2.636  0.123E-01  0.123E-01
   2.686  0.118E-01  0.118E-01
   2.736  0.124E-01  0.124E-01
   2.786  0.134E-01  0.134E-01
   2.836  0.142E-01  0.142E-01
   2.886  0.149E-01  0.149E-01
   2.936  0.157E-01  0.157E-01
   2.986  0.168E-01  0.168E-01
   3.036  0.179E-01  0.179E-01
   3.086  0.190E-01  0.190E-01
   3.136  0.198E-01  0.198E-01
   3.186  0.200E-01  0.200E-01
   3.236  0.194E-01  0.194E-01
   3.286  0.180E-01  0.180E-01
   3.336  0.161E-01  0.161E-01
   3.386  0.144E-01  0.144E-01
   3.436  0.135E-01  0.135E-01
   3.486  0.132E-01  0.132E-01
   3.536  0.129E-01  0.129E-01
   3.586  0.122E-01  0.122E-01
   3.636  0.111E-01  0.111E-01
   3.686  0.103E-01  0.103E-01
   3.736  0.102E-01  0.102E-01
   3.786  0.106E-01  0.106E-01
   3.836  0.112E-01  0.112E-01
   3.886  0.117E-01  0.117E-01
   3.936  0.121E-01  0.121E-01
   3.986  0.126E-01  0.126E-01
   4.036  0.132E-01  0.132E-01
   4.086  0.137E-01  0.137E-01
   4.136  0.139E-01  0.139E-01
   4.186  0.140E-01  0.140E-01
   4.236  0.146E-01  0.146E-01
   4.286  0.161E-01  0.161E-01
   4.336  0.183E-01  0.183E-01
   4.386  0.201E-01  0.201E-01
   4.436  0.205E-01  0.205E-01
   4.486  0.193E-01  0.193E-01
   4.536  0.174E-01  0.174E-01
   4.586  0.158E-01  0.158E-01
   4.636  0.149E-01  0.149E-01
   4.686  0.149E-01  0.149E-01
   4.736  0.155E-01  0.155E-01
   4.786  0.163E-01  0.163E-01
   4.836  0.171E-01  0.171E-01
   4.886  0.176E-01  0.176E-01
   4.936  0.176E-01  0.176E-01
   4.986  0.172E-01  0.172E-01
   5.036  0.172E-01  0.172E-01
   5.086  0.180E-01  0.180E-01
   5.136  0.197E-01  0.197E-01
   5.186  0.221E-01  0.221E-01
   5.236  0.242E-01  0.242E-01
   5.286  0.255E-01  0.255E-01
   5.336  0.262E-01  0.262E-01
   5.386  0.269E-01  0.269E-01
   5.436  0.279E-01  0.279E-01
   5.486  0.294E-01  0.294E-01
   5.536  0.312E-01  0.312E-01
   5.586  0.332E-01  0.332E-01
   5.636  0.359E-01  0.359E-01
   5.686  0.399E-01  0.399E-01
   5.736  0.451E-01  0.451E-01
   5.786  0.504E-01  0.504E-01
   5.836  0.532E-01  0.532E-01
   5.886  0.520E-01  0.520E-01
   5.936  0.470E-01  0.470E-01
   5.986  0.399E-01  0.399E-01
   6.036  0.329E-01  0.329E-01
   6.086  0.275E-01  0.275E-01
   6.136  0.246E-01  0.246E-01
   6.186  0.248E-01  0.248E-01
   6.236  0.277E-01  0.277E-01
   6.286  0.327E-01  0.327E-01
   6.336  0.384E-01  0.384E-01
   6.386  0.437E-01  0.437E-01
   6.436  0.480E-01  0.480E-01
   6.486  0.512E-01  0.512E-01
   6.536  0.535E-01  0.535E-01
   6.586  0.542E-01  0.542E-01
   6.636  0.527E-01  0.527E-01
   6.686  0.487E-01  0.487E-01
   6.736  0.432E-01  0.432E-01
   6.786  0.374E-01  0.374E-01
   6.836  0.319E-01  0.319E-01
   6.886  0.275E-01  0.275E-01
   6.936  0.251E-01  0.251E-01
   6.986  0.258E-01  0.258E-01
   7.036  0.292E-01  0.292E-01
   7.086  0.332E-01  0.332E-01
   7.136  0.357E-01  0.357E-01
   7.186  0.357E-01  0.357E-01
   7.236  0.337E-01  0.337E-01
   7.286  0.306E-01  0.306E-01
   7.336  0.274E-01  0.274E-01
   7.386  0.247E-01  0.247E-01
   7.436  0.235E-01  0.235E-01
   7.486  0.242E-01  0.242E-01
   7.536  0.263E-01  0.263E-01
   7.586  0.285E-01  0.285E-01
   7.636  0.302E-01  0.302E-01
   7.686  0.314E-01  0.314E-01
   7.736  0.331E-01  0.331E-01
   7.786  0.353E-01  0.353E-01
   7.836  0.370E-01  0.370E-01
   7.886  0.376E-01  0.376E-01
   7.936  0.385E-01  0.385E-01
   7.986  0.423E-01  0.423E-01
   8.036  0.504E-01  0.504E-01
   8.086  0.604E-01  0.604E-01
   8.136  0.679E-01  0.679E-01
   8.186  0.701E-01  0.701E-01
   8.236  0.673E-01  0.673E-01
   8.286  0.613E-01  0.613E-01
   8.336  0.536E-01  0.536E-01
   8.386  0.454E-01  0.454E-01
   8.436  0.397E-01  0.397E-01
   8.486  0.396E-01  0.396E-01
   8.536  0.465E-01  0.465E-01
   8.586  0.583E-01  0.583E-01
   8.636  0.705E-01  0.705E-01
   8.686  0.791E-01  0.791E-01
   8.736  0.839E-01  0.839E-01
   8.786  0.877E-01  0.877E-01
   8.836  0.930E-01  0.930E-01
   8.886  0.970E-01  0.970E-01
   8.936  0.938E-01  0.938E-01
   8.986  0.807E-01  0.807E-01
   9.036  0.631E-01  0.631E-01
   9.086  0.514E-01  0.514E-01
   9.136  0.533E-01  0.533E-01
   9.186  0.678E-01  0.678E-01
   9.236  0.865E-01  0.865E-01
   9.286  0.986E-01  0.986E-01
   9.336  0.979E-01  0.979E-01
   9.386  0.854E-01  0.854E-01
   9.436  0.668E-01  0.668E-01
   9.486  0.484E-01  0.484E-01
   9.536  0.344E-01  0.344E-01
   9.586  0.262E-01  0.262E-01
   9.636  0.229E-01  0.229E-01
   9.686  0.236E-01  0.236E-01
   9.736  0.277E-01  0.277E-01
   9.786  0.345E-01  0.345E-01
   9.836  0.414E-01  0.414E-01
   9.886  0.444E-01  0.444E-01
   9.936  0.409E-01  0.409E-01
   9.986  0.323E-01  0.323E-01
  10.036  0.222E-01  0.222E-01
  10.086  0.138E-01  0.138E-01
  10.136  0.828E-02  0.828E-02
  10.186  0.491E-02  0.491E-02
  10.236  0.289E-02  0.289E-02
  10.286  0.166E-02  0.166E-02
  10.336  0.913E-03  0.913E-03
  10.386  0.472E-03  0.472E-03
  10.436  0.220E-03  0.220E-03
  10.486  0.884E-04  0.884E-04
  10.536  0.297E-04  0.297E-04
  10.586  0.814E-05  0.814E-05
  10.636  0.181E-05  0.181E-05
  10.686  0.323E-06  0.323E-06
  10.736  0.464E-07  0.464E-07
