# E (eV)   ldos(E)   pdos(E)   
 -17.864  0.480E-03  0.480E-03
 -17.814  0.322E-02  0.322E-02
 -17.764  0.172E-01  0.172E-01
 -17.714  0.738E-01  0.738E-01
 -17.664  0.253E+00  0.253E+00
 -17.614  0.694E+00  0.694E+00
 -17.564  0.152E+01  0.152E+01
 -17.514  0.267E+01  0.267E+01
 -17.464  0.375E+01  0.375E+01
 -17.414  0.421E+01  0.421E+01
 -17.364  0.378E+01  0.378E+01
 -17.314  0.272E+01  0.272E+01
 -17.264  0.156E+01  0.156E+01
 -17.214  0.718E+00  0.718E+00
 -17.164  0.264E+00  0.264E+00
 -17.114  0.778E-01  0.778E-01
 -17.064  0.183E-01  0.183E-01
 -17.014  0.345E-02  0.345E-02
 -16.964  0.519E-03  0.519E-03
 -16.914  0.625E-04  0.625E-04
 -16.864  0.603E-05  0.603E-05
 -16.814  0.465E-06  0.465E-06
 -16.764  0.287E-07  0.287E-07
 -16.714  0.141E-08  0.141E-08
 -16.664  0.558E-10  0.558E-10
 -16.614  0.000E+00  0.000E+00
 -16.564  0.000E+00  0.000E+00
 -16.514  0.000E+00  0.000E+00
 -16.464  0.000E+00  0.000E+00
 -16.414  0.000E+00  0.000E+00
 -16.364  0.000E+00  0.000E+00
 -16.314  0.000E+00  0.000E+00
 -16.264  0.000E+00  0.000E+00
 -16.214  0.000E+00  0.000E+00
 -16.164  0.000E+00  0.000E+00
 -16.114  0.000E+00  0.000E+00
 -16.064  0.000E+00  0.000E+00
 -16.014  0.000E+00  0.000E+00
 -15.964  0.000E+00  0.000E+00
 -15.914  0.000E+00  0.000E+00
 -15.864  0.000E+00  0.000E+00
 -15.814  0.000E+00  0.000E+00
 -15.764  0.000E+00  0.000E+00
 -15.714  0.000E+00  0.000E+00
 -15.664  0.000E+00  0.000E+00
 -15.614  0.000E+00  0.000E+00
 -15.564  0.000E+00  0.000E+00
 -15.514  0.000E+00  0.000E+00
 -15.464  0.000E+00  0.000E+00
 -15.414  0.000E+00  0.000E+00
 -15.364  0.000E+00  0.000E+00
 -15.314  0.000E+00  0.000E+00
 -15.264  0.000E+00  0.000E+00
 -15.214  0.000E+00  0.000E+00
 -15.164  0.000E+00  0.000E+00
 -15.114  0.000E+00  0.000E+00
 -15.064  0.000E+00  0.000E+00
 -15.014  0.000E+00  0.000E+00
 -14.964  0.000E+00  0.000E+00
 -14.914  0.000E+00  0.000E+00
 -14.864  0.000E+00  0.000E+00
 -14.814  0.000E+00  0.000E+00
 -14.764  0.000E+00  0.000E+00
 -14.714  0.000E+00  0.000E+00
 -14.664  0.000E+00  0.000E+00
 -14.614  0.000E+00  0.000E+00
 -14.564  0.000E+00  0.000E+00
 -14.514  0.000E+00  0.000E+00
 -14.464  0.000E+00  0.000E+00
 -14.414  0.000E+00  0.000E+00
 -14.364  0.000E+00  0.000E+00
 -14.314  0.000E+00  0.000E+00
 -14.264  0.000E+00  0.000E+00
 -14.214  0.000E+00  0.000E+00
 -14.164  0.000E+00  0.000E+00
 -14.114  0.000E+00  0.000E+00
 -14.064  0.000E+00  0.000E+00
 -14.014  0.000E+00  0.000E+00
 -13.964  0.000E+00  0.000E+00
 -13.914  0.000E+00  0.000E+00
 -13.864  0.000E+00  0.000E+00
 -13.814  0.000E+00  0.000E+00
 -13.764  0.000E+00  0.000E+00
 -13.714  0.000E+00  0.000E+00
 -13.664  0.000E+00  0.000E+00
 -13.614  0.000E+00  0.000E+00
 -13.564  0.000E+00  0.000E+00
 -13.514  0.000E+00  0.000E+00
 -13.464  0.000E+00  0.000E+00
 -13.414  0.000E+00  0.000E+00
 -13.364  0.000E+00  0.000E+00
 -13.314  0.000E+00  0.000E+00
 -13.264  0.000E+00  0.000E+00
 -13.214  0.000E+00  0.000E+00
 -13.164  0.000E+00  0.000E+00
 -13.114  0.000E+00  0.000E+00
 -13.064  0.000E+00  0.000E+00
 -13.014  0.000E+00  0.000E+00
 -12.964  0.000E+00  0.000E+00
 -12.914  0.000E+00  0.000E+00
 -12.864  0.000E+00  0.000E+00
 -12.814  0.000E+00  0.000E+00
 -12.764  0.000E+00  0.000E+00
 -12.714  0.000E+00  0.000E+00
 -12.664  0.000E+00  0.000E+00
 -12.614  0.000E+00  0.000E+00
 -12.564  0.000E+00  0.000E+00
 -12.514  0.000E+00  0.000E+00
 -12.464  0.000E+00  0.000E+00
 -12.414  0.000E+00  0.000E+00
 -12.364  0.000E+00  0.000E+00
 -12.314  0.000E+00  0.000E+00
 -12.264  0.000E+00  0.000E+00
 -12.214  0.000E+00  0.000E+00
 -12.164  0.000E+00  0.000E+00
 -12.114  0.000E+00  0.000E+00
 -12.064  0.000E+00  0.000E+00
 -12.014  0.000E+00  0.000E+00
 -11.964  0.000E+00  0.000E+00
 -11.914  0.000E+00  0.000E+00
 -11.864  0.000E+00  0.000E+00
 -11.814  0.000E+00  0.000E+00
 -11.764  0.000E+00  0.000E+00
 -11.714  0.000E+00  0.000E+00
 -11.664  0.000E+00  0.000E+00
 -11.614  0.000E+00  0.000E+00
 -11.564  0.000E+00  0.000E+00
 -11.514  0.000E+00  0.000E+00
 -11.464  0.000E+00  0.000E+00
 -11.414  0.000E+00  0.000E+00
 -11.364  0.000E+00  0.000E+00
 -11.314  0.000E+00  0.000E+00
 -11.264  0.000E+00  0.000E+00
 -11.214  0.000E+00  0.000E+00
 -11.164  0.000E+00  0.000E+00
 -11.114  0.000E+00  0.000E+00
 -11.064  0.000E+00  0.000E+00
 -11.014  0.000E+00  0.000E+00
 -10.964  0.000E+00  0.000E+00
 -10.914  0.000E+00  0.000E+00
 -10.864  0.000E+00  0.000E+00
 -10.814  0.000E+00  0.000E+00
 -10.764  0.000E+00  0.000E+00
 -10.714  0.000E+00  0.000E+00
 -10.664  0.000E+00  0.000E+00
 -10.614  0.000E+00  0.000E+00
 -10.564  0.000E+00  0.000E+00
 -10.514  0.000E+00  0.000E+00
 -10.464  0.000E+00  0.000E+00
 -10.414  0.000E+00  0.000E+00
 -10.364  0.000E+00  0.000E+00
 -10.314  0.000E+00  0.000E+00
 -10.264  0.000E+00  0.000E+00
 -10.214  0.000E+00  0.000E+00
 -10.164  0.000E+00  0.000E+00
 -10.114  0.000E+00  0.000E+00
 -10.064  0.000E+00  0.000E+00
 -10.014  0.000E+00  0.000E+00
  -9.964  0.000E+00  0.000E+00
  -9.914  0.000E+00  0.000E+00
  -9.864  0.000E+00  0.000E+00
  -9.814  0.000E+00  0.000E+00
  -9.764  0.000E+00  0.000E+00
  -9.714  0.000E+00  0.000E+00
  -9.664  0.000E+00  0.000E+00
  -9.614  0.000E+00  0.000E+00
  -9.564  0.000E+00  0.000E+00
  -9.514  0.000E+00  0.000E+00
  -9.464  0.000E+00  0.000E+00
  -9.414  0.000E+00  0.000E+00
  -9.364  0.000E+00  0.000E+00
  -9.314  0.000E+00  0.000E+00
  -9.264  0.000E+00  0.000E+00
  -9.214  0.000E+00  0.000E+00
  -9.164  0.000E+00  0.000E+00
  -9.114  0.000E+00  0.000E+00
  -9.064  0.000E+00  0.000E+00
  -9.014  0.000E+00  0.000E+00
  -8.964  0.000E+00  0.000E+00
  -8.914  0.000E+00  0.000E+00
  -8.864  0.000E+00  0.000E+00
  -8.814  0.000E+00  0.000E+00
  -8.764  0.000E+00  0.000E+00
  -8.714  0.000E+00  0.000E+00
  -8.664  0.000E+00  0.000E+00
  -8.614  0.000E+00  0.000E+00
  -8.564  0.000E+00  0.000E+00
  -8.514  0.000E+00  0.000E+00
  -8.464  0.000E+00  0.000E+00
  -8.414  0.000E+00  0.000E+00
  -8.364  0.000E+00  0.000E+00
  -8.314  0.000E+00  0.000E+00
  -8.264  0.000E+00  0.000E+00
  -8.214  0.000E+00  0.000E+00
  -8.164  0.000E+00  0.000E+00
  -8.114  0.000E+00  0.000E+00
  -8.064  0.000E+00  0.000E+00
  -8.014  0.000E+00  0.000E+00
  -7.964  0.000E+00  0.000E+00
  -7.914  0.000E+00  0.000E+00
  -7.864  0.000E+00  0.000E+00
  -7.814  0.000E+00  0.000E+00
  -7.764  0.000E+00  0.000E+00
  -7.714  0.000E+00  0.000E+00
  -7.664  0.000E+00  0.000E+00
  -7.614  0.000E+00  0.000E+00
  -7.564  0.000E+00  0.000E+00
  -7.514  0.000E+00  0.000E+00
  -7.464  0.000E+00  0.000E+00
  -7.414  0.000E+00  0.000E+00
  -7.364  0.000E+00  0.000E+00
  -7.314  0.000E+00  0.000E+00
  -7.264  0.000E+00  0.000E+00
  -7.214  0.000E+00  0.000E+00
  -7.164  0.000E+00  0.000E+00
  -7.114  0.000E+00  0.000E+00
  -7.064  0.000E+00  0.000E+00
  -7.014  0.000E+00  0.000E+00
  -6.964  0.000E+00  0.000E+00
  -6.914  0.000E+00  0.000E+00
  -6.864  0.000E+00  0.000E+00
  -6.814  0.000E+00  0.000E+00
  -6.764  0.000E+00  0.000E+00
  -6.714  0.000E+00  0.000E+00
  -6.664  0.000E+00  0.000E+00
  -6.614  0.108E-12  0.108E-12
  -6.564  0.295E-11  0.295E-11
  -6.514  0.639E-10  0.639E-10
  -6.464  0.111E-08  0.111E-08
  -6.414  0.155E-07  0.155E-07
  -6.364  0.175E-06  0.175E-06
  -6.314  0.159E-05  0.159E-05
  -6.264  0.117E-04  0.117E-04
  -6.214  0.700E-04  0.700E-04
  -6.164  0.340E-03  0.340E-03
  -6.114  0.135E-02  0.135E-02
  -6.064  0.440E-02  0.440E-02
  -6.014  0.119E-01  0.119E-01
  -5.964  0.270E-01  0.270E-01
  -5.914  0.522E-01  0.522E-01
  -5.864  0.884E-01  0.884E-01
  -5.814  0.135E+00  0.135E+00
  -5.764  0.194E+00  0.194E+00
  -5.714  0.267E+00  0.267E+00
  -5.664  0.351E+00  0.351E+00
  -5.614  0.425E+00  0.425E+00
  -5.564  0.459E+00  0.459E+00
  -5.514  0.427E+00  0.427E+00
  -5.464  0.334E+00  0.334E+00
  -5.414  0.216E+00  0.216E+00
  -5.364  0.115E+00  0.115E+00
  -5.314  0.496E-01  0.496E-01
  -5.264  0.174E-01  0.174E-01
  -5.214  0.492E-02  0.492E-02
  -5.164  0.112E-02  0.112E-02
  -5.114  0.207E-03  0.207E-03
  -5.064  0.307E-04  0.307E-04
  -5.014  0.366E-05  0.366E-05
  -4.964  0.350E-06  0.350E-06
  -4.914  0.269E-07  0.269E-07
  -4.864  0.166E-08  0.166E-08
  -4.814  0.827E-10  0.827E-10
  -4.764  0.132E-10  0.132E-10
  -4.714  0.150E-09  0.150E-09
  -4.664  0.183E-08  0.183E-08
  -4.614  0.181E-07  0.181E-07
  -4.564  0.145E-06  0.145E-06
  -4.514  0.948E-06  0.948E-06
  -4.464  0.506E-05  0.506E-05
  -4.414  0.222E-04  0.222E-04
  -4.364  0.796E-04  0.796E-04
  -4.314  0.236E-03  0.236E-03
  -4.264  0.575E-03  0.575E-03
  -4.214  0.116E-02  0.116E-02
  -4.164  0.197E-02  0.197E-02
  -4.114  0.284E-02  0.284E-02
  -4.064  0.360E-02  0.360E-02
  -4.014  0.417E-02  0.417E-02
  -3.964  0.454E-02  0.454E-02
  -3.914  0.465E-02  0.465E-02
  -3.864  0.448E-02  0.448E-02
  -3.814  0.419E-02  0.419E-02
  -3.764  0.408E-02  0.408E-02
  -3.714  0.428E-02  0.428E-02
  -3.664  0.458E-02  0.458E-02
  -3.614  0.461E-02  0.461E-02
  -3.564  0.424E-02  0.424E-02
  -3.514  0.369E-02  0.369E-02
  -3.464  0.332E-02  0.332E-02
  -3.414  0.341E-02  0.341E-02
  -3.364  0.392E-02  0.392E-02
  -3.314  0.448E-02  0.448E-02
  -3.264  0.462E-02  0.462E-02
  -3.214  0.422E-02  0.422E-02
  -3.164  0.357E-02  0.357E-02
  -3.114  0.308E-02  0.308E-02
  -3.064  0.302E-02  0.302E-02
  -3.014  0.348E-02  0.348E-02
  -2.964  0.451E-02  0.451E-02
  -2.914  0.622E-02  0.622E-02
  -2.864  0.875E-02  0.875E-02
  -2.814  0.121E-01  0.121E-01
  -2.764  0.160E-01  0.160E-01
  -2.714  0.202E-01  0.202E-01
  -2.664  0.243E-01  0.243E-01
  -2.614  0.283E-01  0.283E-01
  -2.564  0.319E-01  0.319E-01
  -2.514  0.355E-01  0.355E-01
  -2.464  0.392E-01  0.392E-01
  -2.414  0.432E-01  0.432E-01
  -2.364  0.471E-01  0.471E-01
  -2.314  0.515E-01  0.515E-01
  -2.264  0.586E-01  0.586E-01
  -2.214  0.710E-01  0.710E-01
  -2.164  0.916E-01  0.916E-01
  -2.114  0.125E+00  0.125E+00
  -2.064  0.179E+00  0.179E+00
  -2.014  0.260E+00  0.260E+00
  -1.964  0.371E+00  0.371E+00
  -1.914  0.506E+00  0.506E+00
  -1.864  0.645E+00  0.645E+00
  -1.814  0.750E+00  0.750E+00
  -1.764  0.781E+00  0.781E+00
  -1.714  0.719E+00  0.719E+00
  -1.664  0.582E+00  0.582E+00
  -1.614  0.416E+00  0.416E+00
  -1.564  0.269E+00  0.269E+00
  -1.514  0.163E+00  0.163E+00
  -1.464  0.989E-01  0.989E-01
  -1.414  0.621E-01  0.621E-01
  -1.364  0.407E-01  0.407E-01
  -1.314  0.279E-01  0.279E-01
  -1.264  0.202E-01  0.202E-01
  -1.214  0.156E-01  0.156E-01
  -1.164  0.130E-01  0.130E-01
  -1.114  0.113E-01  0.113E-01
  -1.064  0.108E-01  0.108E-01
  -1.014  0.123E-01  0.123E-01
  -0.964  0.170E-01  0.170E-01
  -0.914  0.250E-01  0.250E-01
  -0.864  0.340E-01  0.340E-01
  -0.814  0.399E-01  0.399E-01
  -0.764  0.398E-01  0.398E-01
  -0.714  0.344E-01  0.344E-01
  -0.664  0.269E-01  0.269E-01
  -0.614  0.203E-01  0.203E-01
  -0.564  0.155E-01  0.155E-01
  -0.514  0.124E-01  0.124E-01
  -0.464  0.101E-01  0.101E-01
  -0.414  0.851E-02  0.851E-02
  -0.364  0.744E-02  0.744E-02
  -0.314  0.690E-02  0.690E-02
  -0.264  0.688E-02  0.688E-02
  -0.214  0.740E-02  0.740E-02
  -0.164  0.840E-02  0.840E-02
  -0.114  0.960E-02  0.960E-02
  -0.064  0.105E-01  0.105E-01
  -0.014  0.106E-01  0.106E-01
   0.036  0.986E-02  0.986E-02
   0.086  0.833E-02  0.833E-02
   0.136  0.647E-02  0.647E-02
   0.186  0.472E-02  0.472E-02
   0.236  0.337E-02  0.337E-02
   0.286  0.253E-02  0.253E-02
   0.336  0.214E-02  0.214E-02
   0.386  0.209E-02  0.209E-02
   0.436  0.221E-02  0.221E-02
   0.486  0.241E-02  0.241E-02
   0.536  0.263E-02  0.263E-02
   0.586  0.279E-02  0.279E-02
   0.636  0.281E-02  0.281E-02
   0.686  0.264E-02  0.264E-02
   0.736  0.227E-02  0.227E-02
   0.786  0.177E-02  0.177E-02
   0.836  0.128E-02  0.128E-02
   0.886  0.890E-03  0.890E-03
   0.936  0.633E-03  0.633E-03
   0.986  0.483E-03  0.483E-03
   1.036  0.391E-03  0.391E-03
   1.086  0.328E-03  0.328E-03
   1.136  0.284E-03  0.284E-03
   1.186  0.262E-03  0.262E-03
   1.236  0.256E-03  0.256E-03
   1.286  0.260E-03  0.260E-03
   1.336  0.265E-03  0.265E-03
   1.386  0.272E-03  0.272E-03
   1.436  0.283E-03  0.283E-03
   1.486  0.300E-03  0.300E-03
   1.536  0.314E-03  0.314E-03
   1.586  0.314E-03  0.314E-03
   1.636  0.294E-03  0.294E-03
   1.686  0.267E-03  0.267E-03
   1.736  0.254E-03  0.254E-03
   1.786  0.263E-03  0.263E-03
   1.836  0.286E-03  0.286E-03
   1.886  0.307E-03  0.307E-03
   1.936  0.322E-03  0.322E-03
   1.986  0.334E-03  0.334E-03
   2.036  0.348E-03  0.348E-03
   2.086  0.357E-03  0.357E-03
   2.136  0.350E-03  0.350E-03
   2.186  0.327E-03  0.327E-03
   2.236  0.302E-03  0.302E-03
   2.286  0.300E-03  0.300E-03
   2.336  0.333E-03  0.333E-03
   2.386  0.389E-03  0.389E-03
   2.436  0.439E-03  0.439E-03
   2.486  0.462E-03  0.462E-03
   2.536  0.467E-03  0.467E-03
   2.586  0.489E-03  0.489E-03
   2.636  0.568E-03  0.568E-03
   2.686  0.720E-03  0.720E-03
   2.736  0.915E-03  0.915E-03
   2.786  0.109E-02  0.109E-02
   2.836  0.121E-02  0.121E-02
   2.886  0.127E-02  0.127E-02
   2.936  0.129E-02  0.129E-02
   2.986  0.125E-02  0.125E-02
   3.036  0.113E-02  0.113E-02
   3.086  0.952E-03  0.952E-03
   3.136  0.767E-03  0.767E-03
   3.186  0.639E-03  0.639E-03
   3.236  0.597E-03  0.597E-03
   3.286  0.636E-03  0.636E-03
   3.336  0.735E-03  0.735E-03
   3.386  0.868E-03  0.868E-03
   3.436  0.101E-02  0.101E-02
   3.486  0.113E-02  0.113E-02
   3.536  0.121E-02  0.121E-02
   3.586  0.123E-02  0.123E-02
   3.636  0.121E-02  0.121E-02
   3.686  0.121E-02  0.121E-02
   3.736  0.123E-02  0.123E-02
   3.786  0.124E-02  0.124E-02
   3.836  0.121E-02  0.121E-02
   3.886  0.115E-02  0.115E-02
   3.936  0.111E-02  0.111E-02
   3.986  0.110E-02  0.110E-02
   4.036  0.112E-02  0.112E-02
   4.086  0.113E-02  0.113E-02
   4.136  0.109E-02  0.109E-02
   4.186  0.103E-02  0.103E-02
   4.236  0.100E-02  0.100E-02
   4.286  0.105E-02  0.105E-02
   4.336  0.115E-02  0.115E-02
   4.386  0.124E-02  0.124E-02
   4.436  0.126E-02  0.126E-02
   4.486  0.123E-02  0.123E-02
   4.536  0.119E-02  0.119E-02
   4.586  0.117E-02  0.117E-02
   4.636  0.119E-02  0.119E-02
   4.686  0.124E-02  0.124E-02
   4.736  0.132E-02  0.132E-02
   4.786  0.140E-02  0.140E-02
   4.836  0.145E-02  0.145E-02
   4.886  0.144E-02  0.144E-02
   4.936  0.138E-02  0.138E-02
   4.986  0.132E-02  0.132E-02
   5.036  0.128E-02  0.128E-02
   5.086  0.128E-02  0.128E-02
   5.136  0.131E-02  0.131E-02
   5.186  0.131E-02  0.131E-02
   5.236  0.126E-02  0.126E-02
   5.286  0.117E-02  0.117E-02
   5.336  0.110E-02  0.110E-02
   5.386  0.110E-02  0.110E-02
   5.436  0.113E-02  0.113E-02
   5.486  0.115E-02  0.115E-02
   5.536  0.110E-02  0.110E-02
   5.586  0.104E-02  0.104E-02
   5.636  0.997E-03  0.997E-03
   5.686  0.991E-03  0.991E-03
   5.736  0.100E-02  0.100E-02
   5.786  0.992E-03  0.992E-03
   5.836  0.944E-03  0.944E-03
   5.886  0.847E-03  0.847E-03
   5.936  0.733E-03  0.733E-03
   5.986  0.657E-03  0.657E-03
   6.036  0.663E-03  0.663E-03
   6.086  0.741E-03  0.741E-03
   6.136  0.841E-03  0.841E-03
   6.186  0.920E-03  0.920E-03
   6.236  0.977E-03  0.977E-03
   6.286  0.103E-02  0.103E-02
   6.336  0.109E-02  0.109E-02
   6.386  0.113E-02  0.113E-02
   6.436  0.113E-02  0.113E-02
   6.486  0.109E-02  0.109E-02
   6.536  0.101E-02  0.101E-02
   6.586  0.910E-03  0.910E-03
   6.636  0.835E-03  0.835E-03
   6.686  0.830E-03  0.830E-03
   6.736  0.895E-03  0.895E-03
   6.786  0.989E-03  0.989E-03
   6.836  0.107E-02  0.107E-02
   6.886  0.114E-02  0.114E-02
   6.936  0.125E-02  0.125E-02
   6.986  0.143E-02  0.143E-02
   7.036  0.162E-02  0.162E-02
   7.086  0.170E-02  0.170E-02
   7.136  0.159E-02  0.159E-02
   7.186  0.133E-02  0.133E-02
   7.236  0.106E-02  0.106E-02
   7.286  0.871E-03  0.871E-03
   7.336  0.796E-03  0.796E-03
   7.386  0.811E-03  0.811E-03
   7.436  0.876E-03  0.876E-03
   7.486  0.951E-03  0.951E-03
   7.536  0.994E-03  0.994E-03
   7.586  0.979E-03  0.979E-03
   7.636  0.917E-03  0.917E-03
   7.686  0.852E-03  0.852E-03
   7.736  0.830E-03  0.830E-03
   7.786  0.850E-03  0.850E-03
   7.836  0.866E-03  0.866E-03
   7.886  0.839E-03  0.839E-03
   7.936  0.776E-03  0.776E-03
   7.986  0.723E-03  0.723E-03
   8.036  0.724E-03  0.724E-03
   8.086  0.786E-03  0.786E-03
   8.136  0.876E-03  0.876E-03
   8.186  0.953E-03  0.953E-03
   8.236  0.989E-03  0.989E-03
   8.286  0.983E-03  0.983E-03
   8.336  0.962E-03  0.962E-03
   8.386  0.985E-03  0.985E-03
   8.436  0.114E-02  0.114E-02
   8.486  0.152E-02  0.152E-02
   8.536  0.218E-02  0.218E-02
   8.586  0.304E-02  0.304E-02
   8.636  0.388E-02  0.388E-02
   8.686  0.445E-02  0.445E-02
   8.736  0.473E-02  0.473E-02
   8.786  0.488E-02  0.488E-02
   8.836  0.504E-02  0.504E-02
   8.886  0.513E-02  0.513E-02
   8.936  0.493E-02  0.493E-02
   8.986  0.446E-02  0.446E-02
   9.036  0.401E-02  0.401E-02
   9.086  0.395E-02  0.395E-02
   9.136  0.444E-02  0.444E-02
   9.186  0.532E-02  0.532E-02
   9.236  0.623E-02  0.623E-02
   9.286  0.679E-02  0.679E-02
   9.336  0.681E-02  0.681E-02
   9.386  0.627E-02  0.627E-02
   9.436  0.528E-02  0.528E-02
   9.486  0.403E-02  0.403E-02
   9.536  0.278E-02  0.278E-02
   9.586  0.181E-02  0.181E-02
   9.636  0.129E-02  0.129E-02
   9.686  0.125E-02  0.125E-02
   9.736  0.166E-02  0.166E-02
   9.786  0.238E-02  0.238E-02
   9.836  0.313E-02  0.313E-02
   9.886  0.355E-02  0.355E-02
   9.936  0.342E-02  0.342E-02
   9.986  0.281E-02  0.281E-02
  10.036  0.203E-02  0.203E-02
  10.086  0.138E-02  0.138E-02
  10.136  0.970E-03  0.970E-03
  10.186  0.767E-03  0.767E-03
  10.236  0.664E-03  0.664E-03
  10.286  0.568E-03  0.568E-03
  10.336  0.436E-03  0.436E-03
  10.386  0.283E-03  0.283E-03
  10.436  0.152E-03  0.152E-03
  10.486  0.657E-04  0.657E-04
  10.536  0.230E-04  0.230E-04
  10.586  0.644E-05  0.644E-05
  10.636  0.145E-05  0.145E-05
  10.686  0.260E-06  0.260E-06
  10.736  0.375E-07  0.375E-07
